11,北京市,1,0
1102,西城区,2,11
1103,崇文区,2,11
1104,宣武区,2,11
1105,朝阳区,2,11
1106,丰台区,2,11
1107,石景山区,2,11
1108,海淀区,2,11
1109,门头沟区,2,11
1111,房山区,2,11
1112,通州区,2,11
1113,顺义区,2,11
1114,昌平区,2,11
1115,大兴区,2,11
1116,怀柔区,2,11
1117,平谷区,2,11
1128,密云县,2,11
1129,延庆县,2,11
12,天津市,1,0
1201,和平区,2,12
1202,河东区,2,12
1203,河西区,2,12
1204,南开区,2,12
1205,河北区,2,12
1206,红桥区,2,12
1207,塘沽区,2,12
1208,汉沽区,2,12
1209,大港区,2,12
1210,东丽区,2,12
1211,西青区,2,12
1212,津南区,2,12
1213,北辰区,2,12
1214,武清区,2,12
1215,宝坻区,2,12
1221,宁河县,2,12
1223,静海县,2,12
1225,蓟县,2,12
13,河北省,1,0
1301,石家庄市,2,13
1302,唐山市,2,13
1303,秦皇岛市,2,13
1304,邯郸市,2,13
1305,邢台市,2,13
1306,保定市,2,13
1307,张家口市,2,13
1308,承德市,2,13
1309,沧州市,2,13
1310,廊坊市,2,13
1311,衡水市,2,13
14,山西省,1,0
1401,太原市,2,14
1402,大同市,2,14
1403,阳泉市,2,14
1404,长治市,2,14
1405,晋城市,2,14
1406,朔州市,2,14
1407,晋中市,2,14
1408,运城市,2,14
1409,忻州市,2,14
1410,临汾市,2,14
1411,吕梁市,2,14
15,内蒙古,1,0
1501,呼和浩特市,2,15
1502,包头市,2,15
1503,乌海市,2,15
1504,赤峰市,2,15
1505,通辽市,2,15
1506,鄂尔多斯市,2,15
1507,呼伦贝尔市,2,15
1508,巴彦淖尔市,2,15
1509,乌兰察布市,2,15
1522,兴安盟,2,15
1525,锡林郭勒盟,2,15
1529,阿拉善盟,2,15
21,辽宁省,1,0
2101,沈阳市,2,21
2102,大连市,2,21
2103,鞍山市,2,21
2104,抚顺市,2,21
2105,本溪市,2,21
2106,丹东市,2,21
2107,锦州市,2,21
2108,营口市,2,21
2109,阜新市,2,21
2110,辽阳市,2,21
2111,盘锦市,2,21
2112,铁岭市,2,21
2113,朝阳市,2,21
2114,葫芦岛市,2,21
22,吉林省,1,0
2201,长春市,2,22
2202,吉林市,2,22
2203,四平市,2,22
2204,辽源市,2,22
2205,通化市,2,22
2206,白山市,2,22
2207,松原市,2,22
2208,白城市,2,22
2224,延边州,2,22
23,黑龙江省,1,0
2301,哈尔滨市,2,23
2302,齐齐哈尔市,2,23
2303,鸡西市,2,23
2304,鹤岗市,2,23
2305,双鸭山市,2,23
2306,大庆市,2,23
2307,伊春市,2,23
2308,佳木斯市,2,23
2309,七台河市,2,23
2310,牡丹江市,2,23
2311,黑河市,2,23
2312,绥化市,2,23
2327,大兴安岭地区,2,23
31,上海市,1,0
3101,黄浦区,2,31
3104,徐汇区,2,31
3105,长宁区,2,31
3106,静安区,2,31
3107,普陀区,2,31
3108,闸北区,2,31
3109,虹口区,2,31
3110,杨浦区,2,31
3112,闵行区,2,31
3113,宝山区,2,31
3114,嘉定区,2,31
3115,浦东新区,2,31
3116,金山区,2,31
3117,松江区,2,31
3118,青浦区,2,31
3120,奉贤区,2,31
3130,崇明县,2,31
32,江苏省,1,0
3201,南京市,2,32
3202,无锡市,2,32
3203,徐州市,2,32
3204,常州市,2,32
3205,苏州市,2,32
3206,南通市,2,32
3207,连云港市,2,32
3208,淮安市,2,32
3209,盐城市,2,32
3210,扬州市,2,32
3211,镇江市,2,32
3212,泰州市,2,32
3213,宿迁市,2,32
33,浙江省,1,0
3301,杭州市,2,33
3302,宁波市,2,33
3303,温州市,2,33
3304,嘉兴市,2,33
3305,湖州市,2,33
3306,绍兴市,2,33
3307,金华市,2,33
3308,衢州市,2,33
3309,舟山市,2,33
3310,台州市,2,33
3311,丽水市,2,33
34,安徽省,1,0
3401,合肥市,2,34
3402,芜湖市,2,34
3403,蚌埠市,2,34
3404,淮南市,2,34
3405,马鞍山市,2,34
3406,淮北市,2,34
3407,铜陵市,2,34
3408,安庆市,2,34
3410,黄山市,2,34
3411,滁州市,2,34
3412,阜阳市,2,34
3413,宿州市,2,34
3414,巢湖市,2,34
3415,六安市,2,34
3416,亳州市,2,34
3417,池州市,2,34
3418,宣城市,2,34
35,福建省,1,0
3501,福州市,2,35
3502,厦门市,2,35
3503,莆田市,2,35
3504,三明市,2,35
3505,泉州市,2,35
3506,漳州市,2,35
3507,南平市,2,35
3508,龙岩市,2,35
3509,宁德市,2,35
36,江西省,1,0
3601,南昌市,2,36
3602,景德镇市,2,36
3603,萍乡市,2,36
3604,九江市,2,36
3605,新余市,2,36
3606,鹰潭市,2,36
3607,赣州市,2,36
3608,吉安市,2,36
3609,宜春市,2,36
3610,抚州市,2,36
3611,上饶市,2,36
37,山东省,1,0
3701,济南市,2,37
3702,青岛市,2,37
3703,淄博市,2,37
3704,枣庄市,2,37
3705,东营市,2,37
3706,烟台市,2,37
3707,潍坊市,2,37
3708,济宁市,2,37
3709,泰安市,2,37
3710,威海市,2,37
3711,日照市,2,37
3712,莱芜市,2,37
3713,临沂市,2,37
3714,德州市,2,37
3715,聊城市,2,37
3716,滨州市,2,37
3717,菏泽市,2,37
41,河南省,1,0
4101,郑州市,2,41
4102,开封市,2,41
4103,洛阳市,2,41
4104,平顶山市,2,41
4105,安阳市,2,41
4106,鹤壁市,2,41
4107,新乡市,2,41
4108,焦作市,2,41
4109,濮阳市,2,41
4110,许昌市,2,41
4111,漯河市,2,41
4112,三门峡市,2,41
4113,南阳市,2,41
4114,商丘市,2,41
4115,信阳市,2,41
4116,周口市,2,41
4117,驻马店市,2,41
4118,济源市,2,41
42,湖北省,1,0
4201,武汉市,2,42
4202,黄石市,2,42
4203,十堰市,2,42
4205,宜昌市,2,42
4206,襄阳市,2,42
4207,鄂州市,2,42
4208,荆门市,2,42
4209,孝感市,2,42
4210,荆州市,2,42
4211,黄冈市,2,42
4212,咸宁市,2,42
4213,随州市,2,42
4228,恩施州,2,42
4229,仙桃市,2,42
4230,潜江市,2,42
4231,天门市,2,42
4232,神农架,2,42
4233,江汉油田,2,42
43,湖南省,1,0
4301,长沙市,2,43
4302,株洲市,2,43
4303,湘潭市,2,43
4304,衡阳市,2,43
4305,邵阳市,2,43
4306,岳阳市,2,43
4307,常德市,2,43
4308,张家界市,2,43
4309,益阳市,2,43
4310,郴州市,2,43
4311,永州市,2,43
4312,怀化市,2,43
4313,娄底市,2,43
4331,湘西,2,43
44,广东省,1,0
4401,广州市,2,44
4402,韶关市,2,44
4403,深圳市,2,44
4404,珠海市,2,44
4405,汕头市,2,44
4406,佛山市,2,44
4407,江门市,2,44
4408,湛江市,2,44
4409,茂名市,2,44
4412,肇庆市,2,44
4413,惠州市,2,44
4414,梅州市,2,44
4415,汕尾市,2,44
4416,河源市,2,44
4417,阳江市,2,44
4418,清远市,2,44
4419,东莞市,2,44
4420,中山市,2,44
4451,潮州市,2,44
4452,揭阳市,2,44
4453,云浮市,2,44
45,广西,1,0
4501,南宁市,2,45
4502,柳州市,2,45
4503,桂林市,2,45
4504,梧州市,2,45
4505,北海市,2,45
4506,防城港市,2,45
4507,钦州市,2,45
4508,贵港市,2,45
4509,玉林市,2,45
4510,百色市,2,45
4511,贺州市,2,45
4512,河池市,2,45
4513,来宾市,2,45
4514,崇左市,2,45
46,海南省,1,0
4601,海口市,2,46
4602,三亚市,2,46
4603,五指山市,2,46
4604,琼海市,2,46
4605,儋州市,2,46
4607,文昌市,2,46
4608,万宁市,2,46
4609,东方市,2,46
4623,定安县,2,46
4624,屯昌县,2,46
4625,澄迈县,2,46
4626,临高县,2,46
4627,白沙,2,46
4628,昌江,2,46
4629,乐东,2,46
4630,陵水,2,46
4631,保亭,2,46
4632,琼中,2,46
4690,洋浦经济开发区,2,46
50,重庆市,1,0
5001,万州区,2,50
5002,涪陵区,2,50
5003,渝中区,2,50
5004,大渡口区,2,50
5005,江北区,2,50
5006,沙坪坝区,2,50
5007,九龙坡区,2,50
5008,南岸区,2,50
5009,北碚区,2,50
5010,万盛区,2,50
5011,双桥区,2,50
5012,渝北区,2,50
5013,巴南区,2,50
5014,黔江区,2,50
5015,长寿区,2,50
5016,江津区,2,50
5017,合川区,2,50
5019,南川区,2,50
5022,綦江县,2,50
5023,潼南县,2,50
5024,铜梁县,2,50
5025,大足县,2,50
5026,荣昌县,2,50
5027,璧山县,2,50
5028,梁平县,2,50
5029,城口县,2,50
5030,丰都县,2,50
5031,垫江县,2,50
5032,武隆县,2,50
5033,忠县,2,50
5034,开县,2,50
5035,云阳县,2,50
5036,奉节县,2,50
5037,巫山县,2,50
5038,巫溪县,2,50
5040,石柱土家族自治县,2,50
5041,秀山土家族苗族自治县,2,50
5042,酉阳土家族苗族自治县,2,50
5043,彭水苗族土家族自治县,2,50
5083,永川区,2,50
5084,北部新区,2,50
51,四川省,1,0
5101,成都市,2,51
5103,自贡市,2,51
5104,攀枝花市,2,51
5105,泸州市,2,51
5106,德阳市,2,51
5107,绵阳市,2,51
5108,广元市,2,51
5109,遂宁市,2,51
5110,内江市,2,51
5111,乐山市,2,51
5113,南充市,2,51
5114,眉山市,2,51
5115,宜宾市,2,51
5116,广安市,2,51
5117,达州市,2,51
5118,雅安市,2,51
5119,巴中市,2,51
5120,资阳市,2,51
5132,阿坝州,2,51
5133,甘孜,2,51
5134,凉山,2,51
52,贵州省,1,0
5201,贵阳市,2,52
5202,六盘水市,2,52
5203,遵义市,2,52
5204,安顺市,2,52
5205,毕节市,2,52
5206,铜仁市,2,52
5223,黔西南,2,52
5226,黔东南,2,52
5227,黔南布,2,52
53,云南省,1,0
5301,昆明市,2,53
5303,曲靖市,2,53
5304,玉溪市,2,53
5305,保山市,2,53
5306,昭通市,2,53
5307,丽江市,2,53
5308,普洱市(*),2,53
5309,临沧市,2,53
5323,楚雄,2,53
5325,红河,2,53
5326,文山,2,53
5328,西双版纳,2,53
5329,大理,2,53
5331,德宏,2,53
5333,怒江,2,53
5334,迪庆,2,53
54,西藏,1,0
5401,拉萨市,2,54
5421,昌都地区,2,54
5422,山南地区,2,54
5423,日喀则地区,2,54
5424,那曲地区,2,54
5425,阿里地区,2,54
5426,林芝地区,2,54
61,陕西省,1,0
6101,西安市,2,61
6102,铜川市,2,61
6103,宝鸡市,2,61
6104,咸阳市,2,61
6105,渭南市,2,61
6106,延安市,2,61
6107,汉中市,2,61
6108,榆林市,2,61
6109,安康市,2,61
6110,商洛市,2,61
6151,杨凌示范区,2,61
62,甘肃省,1,0
6201,兰州市,2,62
6202,嘉峪关市,2,62
6203,金昌市,2,62
6204,白银市,2,62
6205,天水市,2,62
6206,武威市,2,62
6207,张掖市,2,62
6208,平凉市,2,62
6209,酒泉市,2,62
6210,庆阳市,2,62
6211,定西市,2,62
6212,陇南市,2,62
6229,临夏,2,62
6230,甘南,2,62
63,青海省,1,0
6301,西宁市,2,63
6321,海东地区,2,63
6322,海北,2,63
6323,黄南,2,63
6325,海南,2,63
6326,果洛,2,63
6327,玉树,2,63
6328,海西,2,63
64,宁夏,1,0
6401,银川市,2,64
6402,石嘴山市,2,64
6403,吴忠市,2,64
6404,固原市,2,64
6405,中卫市,2,64
65,新疆,1,0
6501,乌鲁木齐市,2,65
6502,克拉玛依市,2,65
6521,吐鲁番地区,2,65
6522,哈密地区,2,65
6523,昌吉,2,65
6527,博尔塔拉,2,65
6528,巴音郭楞,2,65
6529,阿克苏地区,2,65
6530,克孜勒,2,65
6531,喀什地区,2,65
6532,和田地区,2,65
6540,伊犁,2,65
6542,塔城地区,2,65
6543,阿勒泰地区,2,65
6590,自治区直辖县级行政单位,2,65
71,台湾省,1,0
7101,台北市,2,71
7102,高雄市,2,71
7103,基隆市,2,71
7104,台中市,2,71
7105,台南市,2,71
7106,新竹市,2,71
7107,嘉义市,2,71
7108,台北县,2,71
7109,宜兰县,2,71
7110,新竹县,2,71
7111,桃园县,2,71
7112,苗栗县,2,71
7113,台中县,2,71
7114,彰化县,2,71
7115,南投县,2,71
7116,嘉义县,2,71
7117,云林县,2,71
7118,台南县,2,71
7119,高雄县,2,71
7120,屏东县,2,71
7121,台东县,2,71
7122,花莲县,2,71
7123,澎湖县,2,71
81,香港,1,0
8101,中西区,2,81
8102,东区,2,81
8103,九龙城区,2,81
8104,观塘区,2,81
8105,南区,2,81
8106,深水区,2,81
8107,湾仔区,2,81
8108,黄大仙区,2,81
8109,油尖旺区,2,81
8110,离岛区,2,81
8111,葵青区,2,81
8112,北区,2,81
8113,西贡区,2,81
8114,沙田区,2,81
8115,屯门区,2,81
8116,大埔区,2,81
8117,荃湾区,2,81
8118,元朗区,2,81
82,澳门,1,0
8201,花地玛堂区,2,82
8202,圣安多尼堂区,2,82
8203,大堂区,2,82
8204,望德堂区,2,82
8205,风顺堂区,2,82
8206,嘉模堂区,2,82
8207,圣方济各堂区,2,82
130102,长安区,3,1301
130103,桥东区,3,1301
130104,桥西区,3,1301
130105,新华区,3,1301
130107,井陉矿区,3,1301
130108,裕华区,3,1301
130121,井陉县,3,1301
130123,正定县,3,1301
130124,栾城县,3,1301
130125,行唐县,3,1301
130126,灵寿县,3,1301
130127,高邑县,3,1301
130128,深泽县,3,1301
130129,赞皇县,3,1301
130130,无极县,3,1301
130131,平山县,3,1301
130132,元氏县,3,1301
130133,赵县,3,1301
130181,辛集市,3,1301
130182,藁城市,3,1301
130183,晋州市,3,1301
130184,新乐市,3,1301
130185,鹿泉市,3,1301
130202,路南区,3,1302
130203,路北区,3,1302
130204,古冶区,3,1302
130205,开平区,3,1302
130207,丰南区,3,1302
130208,丰润区,3,1302
130223,滦县,3,1302
130224,滦南县,3,1302
130225,乐亭县,3,1302
130227,迁西县,3,1302
130229,玉田县,3,1302
130230,唐海县,3,1302
130281,遵化市,3,1302
130283,迁安市,3,1302
130302,海港区,3,1303
130303,山海关区,3,1303
130304,北戴河区,3,1303
130321,青龙县,3,1303
130322,昌黎县,3,1303
130323,抚宁县,3,1303
130324,卢龙县,3,1303
130402,邯山区,3,1304
130403,丛台区,3,1304
130404,复兴区,3,1304
130406,峰峰矿区,3,1304
130421,邯郸县,3,1304
130423,临漳县,3,1304
130424,成安县,3,1304
130425,大名县,3,1304
130426,涉县,3,1304
130427,磁县,3,1304
130428,肥乡县,3,1304
130429,永年县,3,1304
130430,邱县,3,1304
130431,鸡泽县,3,1304
130432,广平县,3,1304
130433,馆陶县,3,1304
130434,魏县,3,1304
130435,曲周县,3,1304
130481,武安市,3,1304
130502,桥东区,3,1305
130503,桥西区,3,1305
130521,邢台县,3,1305
130522,临城县,3,1305
130523,内丘县,3,1305
130524,柏乡县,3,1305
130525,隆尧县,3,1305
130526,任县,3,1305
130527,南和县,3,1305
130528,宁晋县,3,1305
130529,巨鹿县,3,1305
130530,新河县,3,1305
130531,广宗县,3,1305
130532,平乡县,3,1305
130533,威县,3,1305
130534,清河县,3,1305
130535,临西县,3,1305
130581,南宫市,3,1305
130582,沙河市,3,1305
130602,新市区,3,1306
130603,北市区,3,1306
130604,南市区,3,1306
130621,满城县,3,1306
130622,清苑县,3,1306
130623,涞水县,3,1306
130624,阜平县,3,1306
130625,徐水县,3,1306
130626,定兴县,3,1306
130627,唐县,3,1306
130628,高阳县,3,1306
130629,容城县,3,1306
130630,涞源县,3,1306
130631,望都县,3,1306
130632,安新县,3,1306
130633,易县,3,1306
130634,曲阳县,3,1306
130635,蠡县,3,1306
130636,顺平县,3,1306
130637,博野县,3,1306
130638,雄县,3,1306
130681,涿州市,3,1306
130682,定州市,3,1306
130683,安国市,3,1306
130684,高碑店市,3,1306
130702,桥东区,3,1307
130703,桥西区,3,1307
130705,宣化区,3,1307
130706,下花园区,3,1307
130721,宣化县,3,1307
130722,张北县,3,1307
130723,康保县,3,1307
130724,沽源县,3,1307
130725,尚义县,3,1307
130726,蔚县,3,1307
130727,阳原县,3,1307
130728,怀安县,3,1307
130729,万全县,3,1307
130730,怀来县,3,1307
130731,涿鹿县,3,1307
130732,赤城县,3,1307
130733,崇礼县,3,1307
130802,双桥区,3,1308
130803,双滦区,3,1308
130804,鹰手营子矿区,3,1308
130821,承德县,3,1308
130822,兴隆县,3,1308
130823,平泉县,3,1308
130824,滦平县,3,1308
130825,隆化县,3,1308
130826,丰宁县,3,1308
130827,宽城县,3,1308
130828,围场县,3,1308
130902,新华区,3,1309
130903,运河区,3,1309
130921,沧县,3,1309
130922,青县,3,1309
130923,东光县,3,1309
130924,海兴县,3,1309
130925,盐山县,3,1309
130926,肃宁县,3,1309
130927,南皮县,3,1309
130928,吴桥县,3,1309
130929,献县,3,1309
130930,孟村县,3,1309
130981,泊头市,3,1309
130982,任丘市,3,1309
130983,黄骅市,3,1309
130984,河间市,3,1309
131002,安次区,3,1310
131003,广阳区,3,1310
131022,固安县,3,1310
131023,永清县,3,1310
131024,香河县,3,1310
131025,大城县,3,1310
131026,文安县,3,1310
131028,大厂县,3,1310
131081,霸州市,3,1310
131082,三河市,3,1310
131102,桃城区,3,1311
131121,枣强县,3,1311
131122,武邑县,3,1311
131123,武强县,3,1311
131124,饶阳县,3,1311
131125,安平县,3,1311
131126,故城县,3,1311
131127,景县,3,1311
131128,阜城县,3,1311
131181,冀州市,3,1311
131182,深州市,3,1311
140105,小店区,3,1401
140106,迎泽区,3,1401
140107,杏花岭区,3,1401
140108,尖草坪区,3,1401
140109,万柏林区,3,1401
140110,晋源区,3,1401
140121,清徐县,3,1401
140122,阳曲县,3,1401
140123,娄烦县,3,1401
140181,古交市,3,1401
140105,小店区,3,1401
140106,迎泽区,3,1401
140107,杏花岭区,3,1401
140108,尖草坪区,3,1401
140109,万柏林区,3,1401
140110,晋源区,3,1401
140121,清徐县,3,1401
140122,阳曲县,3,1401
140123,娄烦县,3,1401
140181,古交市,3,1401
140202,城区,3,1402
140203,矿区,3,1402
140211,南郊区,3,1402
140212,新荣区,3,1402
140221,阳高县,3,1402
140222,天镇县,3,1402
140223,广灵县,3,1402
140224,灵丘县,3,1402
140225,浑源县,3,1402
140226,左云县,3,1402
140227,大同县,3,1402
140302,城区,3,1403
140303,矿区,3,1403
140311,郊区,3,1403
140321,平定县,3,1403
140322,盂县,3,1403
140402,城区,3,1404
140411,郊区,3,1404
140421,长治县,3,1404
140423,襄垣县,3,1404
140424,屯留县,3,1404
140425,平顺县,3,1404
140426,黎城县,3,1404
140427,壶关县,3,1404
140428,长子县,3,1404
140429,武乡县,3,1404
140430,沁县,3,1404
140431,沁源县,3,1404
140481,潞城市,3,1404
140502,城区,3,1405
140521,沁水县,3,1405
140522,阳城县,3,1405
140524,陵川县,3,1405
140525,泽州县,3,1405
140581,高平市,3,1405
140602,朔城区,3,1406
140603,平鲁区,3,1406
140621,山阴县,3,1406
140622,应县,3,1406
140623,右玉县,3,1406
140624,怀仁县,3,1406
140702,榆次区,3,1407
140721,榆社县,3,1407
140722,左权县,3,1407
140723,和顺县,3,1407
140724,昔阳县,3,1407
140725,寿阳县,3,1407
140726,太谷县,3,1407
140727,祁县,3,1407
140728,平遥县,3,1407
140729,灵石县,3,1407
140781,介休市,3,1407
140802,盐湖区,3,1408
140821,临猗县,3,1408
140822,万荣县,3,1408
140823,闻喜县,3,1408
140824,稷山县,3,1408
140825,新绛县,3,1408
140826,绛县,3,1408
140827,垣曲县,3,1408
140828,夏县,3,1408
140829,平陆县,3,1408
140830,芮城县,3,1408
140881,永济市,3,1408
140882,河津市,3,1408
140902,忻府区,3,1409
140921,定襄县,3,1409
140922,五台县,3,1409
140923,代县,3,1409
140924,繁峙县,3,1409
140925,宁武县,3,1409
140926,静乐县,3,1409
140927,神池县,3,1409
140928,五寨县,3,1409
140929,岢岚县,3,1409
140930,河曲县,3,1409
140931,保德县,3,1409
140932,偏关县,3,1409
140981,原平市,3,1409
141002,尧都区,3,1410
141021,曲沃县,3,1410
141022,翼城县,3,1410
141023,襄汾县,3,1410
141024,洪洞县,3,1410
141025,古县,3,1410
141026,安泽县,3,1410
141027,浮山县,3,1410
141028,吉县,3,1410
141029,乡宁县,3,1410
141030,大宁县,3,1410
141031,隰县,3,1410
141032,永和县,3,1410
141033,蒲县,3,1410
141034,汾西县,3,1410
141081,侯马市,3,1410
141082,霍州市,3,1410
141102,离石区,3,1411
141121,文水县,3,1411
141122,交城县,3,1411
141123,兴县,3,1411
141124,临县,3,1411
141125,柳林县,3,1411
141126,石楼县,3,1411
141127,岚县,3,1411
141128,方山县,3,1411
141129,中阳县,3,1411
141130,交口县,3,1411
141181,孝义市,3,1411
141182,汾阳市,3,1411
150102,新城区,3,1501
150103,回民区,3,1501
150104,玉泉区,3,1501
150105,赛罕区,3,1501
150121,土默特左旗,3,1501
150122,托克托县,3,1501
150123,和林格尔县,3,1501
150124,清水河县,3,1501
150125,武川县,3,1501
150202,东河区,3,1502
150203,昆都仑区,3,1502
150204,青山区,3,1502
150205,石拐区,3,1502
150206,白云矿区,3,1502
150207,九原区,3,1502
150221,土默特右旗,3,1502
150222,固阳县,3,1502
150223,达尔罕茂明安联合旗,3,1502
150302,海勃湾区,3,1503
150303,海南区,3,1503
150304,乌达区,3,1503
150402,红山区,3,1504
150403,元宝山区,3,1504
150404,松山区,3,1504
150421,阿鲁科尔沁旗,3,1504
150422,巴林左旗,3,1504
150423,巴林右旗,3,1504
150424,林西县,3,1504
150425,克什克腾旗,3,1504
150426,翁牛特旗,3,1504
150428,喀喇沁旗,3,1504
150429,宁城县,3,1504
150430,敖汉旗,3,1504
150502,科尔沁区,3,1505
150521,科尔沁左翼中旗,3,1505
150522,科尔沁左翼后旗,3,1505
150523,开鲁县,3,1505
150524,库伦旗,3,1505
150525,奈曼旗,3,1505
150526,扎鲁特旗,3,1505
150581,霍林郭勒市,3,1505
150602,东胜区,3,1506
150621,达拉特旗,3,1506
150622,准格尔旗,3,1506
150623,鄂托克前旗,3,1506
150624,鄂托克旗,3,1506
150625,杭锦旗,3,1506
150626,乌审旗,3,1506
150627,伊金霍洛旗,3,1506
150702,海拉尔区,3,1507
150721,阿荣旗,3,1507
150722,莫力达瓦达斡尔族自治旗,3,1507
150723,鄂伦春自治旗,3,1507
150724,鄂温克族自治旗,3,1507
150725,陈巴尔虎旗,3,1507
150726,新巴尔虎左旗,3,1507
150727,新巴尔虎右旗,3,1507
150781,满洲里市,3,1507
150782,牙克石市,3,1507
150783,扎兰屯市,3,1507
150784,额尔古纳市,3,1507
150785,根河市,3,1507
150802,临河区,3,1508
150821,五原县,3,1508
150822,磴口县,3,1508
150823,乌拉特前旗,3,1508
150824,乌拉特中旗,3,1508
150825,乌拉特后旗,3,1508
150826,杭锦后旗,3,1508
150902,集宁区,3,1509
150921,卓资县,3,1509
150922,化德县,3,1509
150923,商都县,3,1509
150924,兴和县,3,1509
150925,凉城县,3,1509
150926,察哈尔右翼前旗,3,1509
150927,察哈尔右翼中旗,3,1509
150928,察哈尔右翼后旗,3,1509
150929,四子王旗,3,1509
150981,丰镇市,3,1509
152201,乌兰浩特市,3,1522
152202,阿尔山市,3,1522
152221,科尔沁右翼前旗,3,1522
152222,科尔沁右翼中旗,3,1522
152223,扎赉特旗,3,1522
152224,突泉县,3,1522
152501,二连浩特市,3,1525
152502,锡林浩特市,3,1525
152522,阿巴嘎旗,3,1525
152523,苏尼特左旗,3,1525
152524,苏尼特右旗,3,1525
152525,东乌珠穆沁旗,3,1525
152526,西乌珠穆沁旗,3,1525
152527,太仆寺旗,3,1525
152528,镶黄旗,3,1525
152529,正镶白旗,3,1525
152530,正蓝旗,3,1525
152531,多伦县,3,1525
152921,阿拉善左旗,3,1529
152922,阿拉善右旗,3,1529
152923,额济纳旗,3,1529
210102,和平区,3,2101
210103,沈河区,3,2101
210104,大东区,3,2101
210105,皇姑区,3,2101
210106,铁西区,3,2101
210111,苏家屯区,3,2101
210112,东陵区,3,2101
210113,沈北新区,3,2101
210114,于洪区,3,2101
210122,辽中县,3,2101
210123,康平县,3,2101
210124,法库县,3,2101
210181,新民市,3,2101
210202,中山区,3,2102
210203,西岗区,3,2102
210204,沙河口区,3,2102
210211,甘井子区,3,2102
210212,旅顺口区,3,2102
210213,金州区,3,2102
210224,长海县,3,2102
210281,瓦房店市,3,2102
210282,普兰店市,3,2102
210283,庄河市,3,2102
210302,铁东区,3,2103
210303,铁西区,3,2103
210304,立山区,3,2103
210311,千山区,3,2103
210321,台安县,3,2103
210323,岫岩县,3,2103
210381,海城市,3,2103
210402,新抚区,3,2104
210403,东洲区,3,2104
210404,望花区,3,2104
210411,顺城区,3,2104
210421,抚顺县,3,2104
210422,新宾县,3,2104
210423,清原县,3,2104
210502,平山区,3,2105
210503,溪湖区,3,2105
210504,明山区,3,2105
210505,南芬区,3,2105
210521,本溪县,3,2105
210522,桓仁县,3,2105
210602,元宝区,3,2106
210603,振兴区,3,2106
210604,振安区,3,2106
210624,宽甸县,3,2106
210681,东港市,3,2106
210682,凤城市,3,2106
210702,古塔区,3,2107
210703,凌河区,3,2107
210711,太和区,3,2107
210726,黑山县,3,2107
210727,义县,3,2107
210781,凌海市,3,2107
210782,北镇市,3,2107
210802,站前区,3,2108
210803,西市区,3,2108
210804,鲅鱼圈区,3,2108
210811,老边区,3,2108
210881,盖州市,3,2108
210882,大石桥市,3,2108
210902,海州区,3,2109
210903,新邱区,3,2109
210904,太平区,3,2109
210905,清河门区,3,2109
210911,细河区,3,2109
210921,阜新县,3,2109
210922,彰武县,3,2109
211002,白塔区,3,2110
211003,文圣区,3,2110
211004,宏伟区,3,2110
211005,弓长岭区,3,2110
211011,太子河区,3,2110
211021,辽阳县,3,2110
211081,灯塔市,3,2110
211102,双台子区,3,2111
211103,兴隆台区,3,2111
211121,大洼县,3,2111
211122,盘山县,3,2111
211202,银州区,3,2112
211204,清河区,3,2112
211221,铁岭县,3,2112
211223,西丰县,3,2112
211224,昌图县,3,2112
211281,调兵山市,3,2112
211282,开原市,3,2112
211302,双塔区,3,2113
211303,龙城区,3,2113
211321,朝阳县,3,2113
211322,建平县,3,2113
211324,喀喇沁,3,2113
211381,北票市,3,2113
211382,凌源市,3,2113
211402,连山区,3,2114
211403,龙港区,3,2114
211404,南票区,3,2114
211421,绥中县,3,2114
211422,建昌县,3,2114
211481,兴城市,3,2114
211491,杨家杖子开发区,3,2114
220102,南关区,3,2201
220103,宽城区,3,2201
220104,朝阳区,3,2201
220105,二道区,3,2201
220106,绿园区,3,2201
220112,双阳区,3,2201
220122,农安县,3,2201
220181,九台市,3,2201
220182,榆树市,3,2201
220183,德惠市,3,2201
220202,昌邑区,3,2202
220203,龙潭区,3,2202
220204,船营区,3,2202
220211,丰满区,3,2202
220221,永吉县,3,2202
220281,蛟河市,3,2202
220282,桦甸市,3,2202
220283,舒兰市,3,2202
220284,磐石市,3,2202
220302,铁西区,3,2203
220303,铁东区,3,2203
220322,梨树县,3,2203
220323,伊通,3,2203
220381,公主岭市,3,2203
220382,双辽市,3,2203
220402,龙山区,3,2204
220403,西安区,3,2204
220421,东丰县,3,2204
220422,东辽县,3,2204
220502,东昌区,3,2205
220503,二道江区,3,2205
220521,通化县,3,2205
220523,辉南县,3,2205
220524,柳河县,3,2205
220581,梅河口市,3,2205
220582,集安市,3,2205
220602,八道江区,3,2206
220605,江源区,3,2206
220621,抚松县,3,2206
220622,靖宇县,3,2206
220623,长白县,3,2206
220681,临江市,3,2206
220702,宁江区,3,2207
220721,前郭尔罗斯,3,2207
220722,长岭县,3,2207
220723,乾安县,3,2207
220724,扶余县,3,2207
220802,洮北区,3,2208
220821,镇赉县,3,2208
220822,通榆县,3,2208
220881,洮南市,3,2208
220882,大安市,3,2208
222401,延吉市,3,2224
222402,图们市,3,2224
222403,敦化市,3,2224
222404,珲春市,3,2224
222405,龙井市,3,2224
222406,和龙市,3,2224
222424,汪清县,3,2224
222426,安图县,3,2224
230102,道里区,3,2301
230103,南岗区,3,2301
230104,道外区,3,2301
230108,平房区,3,2301
230109,松北区,3,2301
230110,香坊区,3,2301
230111,呼兰区,3,2301
230112,阿城区,3,2301
230123,依兰县,3,2301
230124,方正县,3,2301
230125,宾县,3,2301
230126,巴彦县,3,2301
230127,木兰县,3,2301
230128,通河县,3,2301
230129,延寿县,3,2301
230182,双城市,3,2301
230183,尚志市,3,2301
230184,五常市,3,2301
230202,龙沙区,3,2302
230203,建华区,3,2302
230204,铁锋区,3,2302
230205,昂昂溪区,3,2302
230206,富拉尔基区,3,2302
230207,碾子山区,3,2302
230208,梅里斯达斡尔族区,3,2302
230221,龙江县,3,2302
230223,依安县,3,2302
230224,泰来县,3,2302
230225,甘南县,3,2302
230227,富裕县,3,2302
230229,克山县,3,2302
230230,克东县,3,2302
230231,拜泉县,3,2302
230281,讷河市,3,2302
230302,鸡冠区,3,2303
230303,恒山区,3,2303
230304,滴道区,3,2303
230305,梨树区,3,2303
230306,城子河区,3,2303
230307,麻山区,3,2303
230321,鸡东县,3,2303
230381,虎林市,3,2303
230382,密山市,3,2303
230402,向阳区,3,2304
230403,工农区,3,2304
230404,南山区,3,2304
230405,兴安区,3,2304
230406,东山区,3,2304
230407,兴山区,3,2304
230421,萝北县,3,2304
230422,绥滨县,3,2304
230502,尖山区,3,2305
230503,岭东区,3,2305
230505,四方台区,3,2305
230506,宝山区,3,2305
230521,集贤县,3,2305
230522,友谊县,3,2305
230523,宝清县,3,2305
230524,饶河县,3,2305
230602,萨尔图区,3,2306
230603,龙凤区,3,2306
230604,让胡路区,3,2306
230605,红岗区,3,2306
230606,大同区,3,2306
230621,肇州县,3,2306
230622,肇源县,3,2306
230623,林甸县,3,2306
230624,杜尔伯特,3,2306
230702,伊春区,3,2307
230703,南岔区,3,2307
230704,友好区,3,2307
230705,西林区,3,2307
230706,翠峦区,3,2307
230707,新青区,3,2307
230708,美溪区,3,2307
230709,金山屯区,3,2307
230710,五营区,3,2307
230711,乌马河区,3,2307
230712,汤旺河区,3,2307
230713,带岭区,3,2307
230714,乌伊岭区,3,2307
230715,红星区,3,2307
230716,上甘岭区,3,2307
230722,嘉荫县,3,2307
230781,铁力市,3,2307
230803,向阳区,3,2308
230804,前进区,3,2308
230805,东风区,3,2308
230811,郊区,3,2308
230822,桦南县,3,2308
230826,桦川县,3,2308
230828,汤原县,3,2308
230833,抚远县,3,2308
230881,同江市,3,2308
230882,富锦市,3,2308
230902,新兴区,3,2309
230903,桃山区,3,2309
230904,茄子河区,3,2309
230921,勃利县,3,2309
231002,东安区,3,2310
231003,阳明区,3,2310
231004,爱民区,3,2310
231005,西安区,3,2310
231024,东宁县,3,2310
231025,林口县,3,2310
231081,绥芬河市,3,2310
231083,海林市,3,2310
231084,宁安市,3,2310
231085,穆棱市,3,2310
231102,爱辉区,3,2311
231121,嫩江县,3,2311
231123,逊克县,3,2311
231124,孙吴县,3,2311
231181,北安市,3,2311
231182,五大连池市,3,2311
231202,北林区,3,2312
231221,望奎县,3,2312
231222,兰西县,3,2312
231223,青冈县,3,2312
231224,庆安县,3,2312
231225,明水县,3,2312
231226,绥棱县,3,2312
231281,安达市,3,2312
231282,肇东市,3,2312
231283,海伦市,3,2312
232701,加格达奇区,3,2327
232702,松岭区,3,2327
232703,新林区,3,2327
232704,呼中区,3,2327
232721,呼玛县,3,2327
232722,塔河县,3,2327
232723,漠河县,3,2327
320102,玄武区,3,3201
320103,白下区,3,3201
320104,秦淮区,3,3201
320105,建邺区,3,3201
320106,鼓楼区,3,3201
320107,下关区,3,3201
320111,浦口区,3,3201
320113,栖霞区,3,3201
320114,雨花台区,3,3201
320115,江宁区,3,3201
320116,六合区,3,3201
320124,溧水县,3,3201
320125,高淳县,3,3201
320202,崇安区,3,3202
320203,南长区,3,3202
320204,北塘区,3,3202
320205,锡山区,3,3202
320206,惠山区,3,3202
320211,滨湖区,3,3202
320281,江阴市,3,3202
320282,宜兴市,3,3202
320302,鼓楼区,3,3203
320303,云龙区,3,3203
320304,九里区,3,3203
320305,贾汪区,3,3203
320311,泉山区,3,3203
320321,丰县,3,3203
320322,沛县,3,3203
320323,铜山县,3,3203
320324,睢宁县,3,3203
320381,新沂市,3,3203
320382,邳州市,3,3203
320402,天宁区,3,3204
320404,钟楼区,3,3204
320405,戚墅堰区,3,3204
320411,新北区,3,3204
320412,武进区,3,3204
320481,溧阳市,3,3204
320482,金坛市,3,3204
320502,沧浪区,3,3205
320503,平江区,3,3205
320504,金阊区,3,3205
320505,虎丘区,3,3205
320506,吴中区,3,3205
320507,相城区,3,3205
320581,常熟市,3,3205
320582,张家港市,3,3205
320583,昆山市,3,3205
320584,吴江市,3,3205
320585,太仓市,3,3205
320602,崇川区,3,3206
320611,港闸区,3,3206
320621,海安县,3,3206
320623,如东县,3,3206
320681,启东市,3,3206
320682,如皋市,3,3206
320683,通州市,3,3206
320684,海门市,3,3206
320703,连云区,3,3207
320705,新浦区,3,3207
320706,海州区,3,3207
320721,赣榆县,3,3207
320722,东海县,3,3207
320723,灌云县,3,3207
320724,灌南县,3,3207
320802,清河区,3,3208
320803,楚州区,3,3208
320804,淮阴区,3,3208
320811,清浦区,3,3208
320826,涟水县,3,3208
320829,洪泽县,3,3208
320830,盱眙县,3,3208
320831,金湖县,3,3208
320902,亭湖区,3,3209
320903,盐都区,3,3209
320921,响水县,3,3209
320922,滨海县,3,3209
320923,阜宁县,3,3209
320924,射阳县,3,3209
320925,建湖县,3,3209
320981,东台市,3,3209
320982,大丰市,3,3209
321002,广陵区,3,3210
321003,邗江区,3,3210
321011,维扬区,3,3210
321023,宝应县,3,3210
321081,仪征市,3,3210
321084,高邮市,3,3210
321088,江都市,3,3210
321102,京口区,3,3211
321111,润州区,3,3211
321112,丹徒区,3,3211
321181,丹阳市,3,3211
321182,扬中市,3,3211
321183,句容市,3,3211
321202,海陵区,3,3212
321203,高港区,3,3212
321281,兴化市,3,3212
321282,靖江市,3,3212
321283,泰兴市,3,3212
321284,姜堰市,3,3212
321302,宿城区,3,3213
321311,宿豫区,3,3213
321322,沭阳县,3,3213
321323,泗阳县,3,3213
321324,泗洪县,3,3213
330102,上城区,3,3301
330103,下城区,3,3301
330104,江干区,3,3301
330105,拱墅区,3,3301
330106,西湖区,3,3301
330108,滨江区,3,3301
330109,萧山区,3,3301
330110,余杭区,3,3301
330122,桐庐县,3,3301
330127,淳安县,3,3301
330182,建德市,3,3301
330183,富阳市,3,3301
330185,临安市,3,3301
330203,海曙区,3,3302
330204,江东区,3,3302
330205,江北区,3,3302
330206,北仑区,3,3302
330211,镇海区,3,3302
330212,鄞州区,3,3302
330225,象山县,3,3302
330226,宁海县,3,3302
330281,余姚市,3,3302
330282,慈溪市,3,3302
330283,奉化市,3,3302
330302,鹿城区,3,3303
330303,龙湾区,3,3303
330304,瓯海区,3,3303
330322,洞头县,3,3303
330324,永嘉县,3,3303
330326,平阳县,3,3303
330327,苍南县,3,3303
330328,文成县,3,3303
330329,泰顺县,3,3303
330381,瑞安市,3,3303
330382,乐清市,3,3303
330402,南湖区,3,3304
330411,秀洲区,3,3304
330421,嘉善县,3,3304
330424,海盐县,3,3304
330481,海宁市,3,3304
330482,平湖市,3,3304
330483,桐乡市,3,3304
330502,吴兴区,3,3305
330503,南浔区,3,3305
330521,德清县,3,3305
330522,长兴县,3,3305
330523,安吉县,3,3305
330602,越城区,3,3306
330621,绍兴县,3,3306
330624,新昌县,3,3306
330681,诸暨市,3,3306
330682,上虞市,3,3306
330683,嵊州市,3,3306
330702,婺城区,3,3307
330703,金东区,3,3307
330723,武义县,3,3307
330726,浦江县,3,3307
330727,磐安县,3,3307
330781,兰溪市,3,3307
330782,义乌市,3,3307
330783,东阳市,3,3307
330784,永康市,3,3307
330802,柯城区,3,3308
330803,衢江区,3,3308
330822,常山县,3,3308
330824,开化县,3,3308
330825,龙游县,3,3308
330881,江山市,3,3308
330902,定海区,3,3309
330903,普陀区,3,3309
330921,岱山县,3,3309
330922,嵊泗县,3,3309
331002,椒江区,3,3310
331003,黄岩区,3,3310
331004,路桥区,3,3310
331021,玉环县,3,3310
331022,三门县,3,3310
331023,天台县,3,3310
331024,仙居县,3,3310
331081,温岭市,3,3310
331082,临海市,3,3310
331102,莲都区,3,3311
331121,青田县,3,3311
331122,缙云县,3,3311
331123,遂昌县,3,3311
331124,松阳县,3,3311
331125,云和县,3,3311
331126,庆元县,3,3311
331127,景宁,3,3311
331181,龙泉市,3,3311
340102,瑶海区,3,3401
340103,庐阳区,3,3401
340104,蜀山区,3,3401
340105,新站区,3,3401
340106,高新区,3,3401
340107,经开区,3,3401
340111,包河区,3,3401
340121,长丰县,3,3401
340122,肥东县,3,3401
340123,肥西县,3,3401
340202,镜湖区,3,3402
340203,弋江区,3,3402
340207,鸠江区,3,3402
340208,三山区,3,3402
340221,芜湖县,3,3402
340222,繁昌县,3,3402
340223,南陵县,3,3402
340302,龙子湖区,3,3403
340303,蚌山区,3,3403
340304,禹会区,3,3403
340311,淮上区,3,3403
340321,怀远县,3,3403
340322,五河县,3,3403
340323,固镇县,3,3403
340402,大通区,3,3404
340403,田家庵区,3,3404
340404,谢家集区,3,3404
340405,八公山区,3,3404
340406,潘集区,3,3404
340421,凤台县,3,3404
340502,金家庄区,3,3405
340503,花山区,3,3405
340504,雨山区,3,3405
340505,开发区,3,3405
340506,博望新区,3,3405
340507,示范园区,3,3405
340521,当涂县,3,3405
340522,含山县,3,3405
340523,和县,3,3405
340602,杜集区,3,3406
340603,相山区,3,3406
340604,烈山区,3,3406
340621,濉溪县,3,3406
340702,铜官山区,3,3407
340703,狮子山区,3,3407
340711,郊区,3,3407
340721,铜陵县,3,3407
340802,迎江区,3,3408
340803,大观区,3,3408
340811,宜秀区,3,3408
340822,怀宁县,3,3408
340823,枞阳县,3,3408
340824,潜山县,3,3408
340825,太湖县,3,3408
340826,宿松县,3,3408
340827,望江县,3,3408
340828,岳西县,3,3408
340881,桐城市,3,3408
341002,屯溪区,3,3410
341003,黄山区,3,3410
341004,徽州区,3,3410
341021,歙县,3,3410
341022,休宁县,3,3410
341023,黟县,3,3410
341024,祁门县,3,3410
341102,琅琊区,3,3411
341103,南谯区,3,3411
341122,来安县,3,3411
341124,全椒县,3,3411
341125,定远县,3,3411
341126,凤阳县,3,3411
341181,天长市,3,3411
341182,明光市,3,3411
341202,颍州区,3,3412
341203,颍东区,3,3412
341204,颍泉区,3,3412
341221,临泉县,3,3412
341222,太和县,3,3412
341225,阜南县,3,3412
341226,颍上县,3,3412
341282,界首市,3,3412
341302,埇桥区,3,3413
341321,砀山县,3,3413
341322,萧县,3,3413
341323,灵璧县,3,3413
341324,泗县,3,3413
341402,居巢区,3,3414
341421,庐江县,3,3414
341422,无为县,3,3414
341423,和县,3,3414
341502,金安区,3,3415
341503,裕安区,3,3415
341521,寿县,3,3415
341522,霍邱县,3,3415
341523,舒城县,3,3415
341524,金寨县,3,3415
341525,霍山县,3,3415
341602,谯城区,3,3416
341621,涡阳县,3,3416
341622,蒙城县,3,3416
341623,利辛县,3,3416
341702,贵池区,3,3417
341721,东至县,3,3417
341722,石台县,3,3417
341723,青阳县,3,3417
341802,宣州区,3,3418
341821,郎溪县,3,3418
341822,广德县,3,3418
341823,泾县,3,3418
341824,绩溪县,3,3418
341825,旌德县,3,3418
341881,宁国市,3,3418
350102,鼓楼区,3,3501
350103,台江区,3,3501
350104,仓山区,3,3501
350105,马尾区,3,3501
350111,晋安区,3,3501
350121,闽侯县,3,3501
350122,连江县,3,3501
350123,罗源县,3,3501
350124,闽清县,3,3501
350125,永泰县,3,3501
350128,平潭县,3,3501
350181,福清市,3,3501
350182,长乐市,3,3501
350203,思明区,3,3502
350205,海沧区,3,3502
350206,湖里区,3,3502
350211,集美区,3,3502
350212,同安区,3,3502
350213,翔安区,3,3502
350302,城厢区,3,3503
350303,涵江区,3,3503
350304,荔城区,3,3503
350305,秀屿区,3,3503
350322,仙游县,3,3503
350402,梅列区,3,3504
350403,三元区,3,3504
350421,明溪县,3,3504
350423,清流县,3,3504
350424,宁化县,3,3504
350425,大田县,3,3504
350426,尤溪县,3,3504
350427,沙县,3,3504
350428,将乐县,3,3504
350429,泰宁县,3,3504
350430,建宁县,3,3504
350481,永安市,3,3504
350502,鲤城区,3,3505
350503,丰泽区,3,3505
350504,洛江区,3,3505
350505,泉港区,3,3505
350521,惠安县,3,3505
350524,安溪县,3,3505
350525,永春县,3,3505
350526,德化县,3,3505
350527,金门县,3,3505
350581,石狮市,3,3505
350582,晋江市,3,3505
350583,南安市,3,3505
350602,芗城区,3,3506
350603,龙文区,3,3506
350622,云霄县,3,3506
350623,漳浦县,3,3506
350624,诏安县,3,3506
350625,长泰县,3,3506
350626,东山县,3,3506
350627,南靖县,3,3506
350628,平和县,3,3506
350629,华安县,3,3506
350681,龙海市,3,3506
350702,延平区,3,3507
350721,顺昌县,3,3507
350722,浦城县,3,3507
350723,光泽县,3,3507
350724,松溪县,3,3507
350725,政和县,3,3507
350781,邵武市,3,3507
350782,武夷山市,3,3507
350783,建瓯市,3,3507
350784,建阳市,3,3507
350802,新罗区,3,3508
350821,长汀县,3,3508
350822,永定县,3,3508
350823,上杭县,3,3508
350824,武平县,3,3508
350825,连城县,3,3508
350881,漳平市,3,3508
350902,蕉城区,3,3509
350921,霞浦县,3,3509
350922,古田县,3,3509
350923,屏南县,3,3509
350924,寿宁县,3,3509
350925,周宁县,3,3509
350926,柘荣县,3,3509
350981,福安市,3,3509
350982,福鼎市,3,3509
360102,东湖区,3,3601
360103,西湖区,3,3601
360104,青云谱区,3,3601
360105,湾里区,3,3601
360111,青山湖区,3,3601
360121,南昌县,3,3601
360122,新建县,3,3601
360123,安义县,3,3601
360124,进贤县,3,3601
360202,昌江区,3,3602
360203,珠山区,3,3602
360222,浮梁县,3,3602
360281,乐平市,3,3602
360302,安源区,3,3603
360313,湘东区,3,3603
360321,莲花县,3,3603
360322,上栗县,3,3603
360323,芦溪县,3,3603
360402,庐山区,3,3604
360403,浔阳区,3,3604
360421,九江县,3,3604
360423,武宁县,3,3604
360424,修水县,3,3604
360425,永修县,3,3604
360426,德安县,3,3604
360427,星子县,3,3604
360428,都昌县,3,3604
360429,湖口县,3,3604
360430,彭泽县,3,3604
360481,瑞昌市,3,3604
360502,渝水区,3,3605
360521,分宜县,3,3605
360602,月湖区,3,3606
360622,余江县,3,3606
360681,贵溪市,3,3606
360702,章贡区,3,3607
360721,赣县,3,3607
360722,信丰县,3,3607
360723,大余县,3,3607
360724,上犹县,3,3607
360725,崇义县,3,3607
360726,安远县,3,3607
360727,龙南县,3,3607
360728,定南县,3,3607
360729,全南县,3,3607
360730,宁都县,3,3607
360731,于都县,3,3607
360732,兴国县,3,3607
360733,会昌县,3,3607
360734,寻乌县,3,3607
360735,石城县,3,3607
360781,瑞金市,3,3607
360782,南康市,3,3607
360802,吉州区,3,3608
360803,青原区,3,3608
360821,吉安县,3,3608
360822,吉水县,3,3608
360823,峡江县,3,3608
360824,新干县,3,3608
360825,永丰县,3,3608
360826,泰和县,3,3608
360827,遂川县,3,3608
360828,万安县,3,3608
360829,安福县,3,3608
360830,永新县,3,3608
360881,井冈山市,3,3608
360902,袁州区,3,3609
360921,奉新县,3,3609
360922,万载县,3,3609
360923,上高县,3,3609
360924,宜丰县,3,3609
360925,靖安县,3,3609
360926,铜鼓县,3,3609
360981,丰城市,3,3609
360982,樟树市,3,3609
360983,高安市,3,3609
361002,临川区,3,3610
361021,南城县,3,3610
361022,黎川县,3,3610
361023,南丰县,3,3610
361024,崇仁县,3,3610
361025,乐安县,3,3610
361026,宜黄县,3,3610
361027,金溪县,3,3610
361028,资溪县,3,3610
361029,东乡县,3,3610
361030,广昌县,3,3610
361102,信州区,3,3611
361121,上饶县,3,3611
361122,广丰县,3,3611
361123,玉山县,3,3611
361124,铅山县,3,3611
361125,横峰县,3,3611
361126,弋阳县,3,3611
361127,余干县,3,3611
361128,鄱阳县,3,3611
361129,万年县,3,3611
361130,婺源县,3,3611
361181,德兴市,3,3611
370102,历下区,3,3701
370103,市中区,3,3701
370104,槐荫区,3,3701
370105,天桥区,3,3701
370106,高新区,3,3701
370112,历城区,3,3701
370113,长清区,3,3701
370124,平阴县,3,3701
370125,济阳县,3,3701
370126,商河县,3,3701
370181,章丘市,3,3701
370202,市南区,3,3702
370203,市北区,3,3702
370205,四方区,3,3702
370211,黄岛区,3,3702
370212,崂山区,3,3702
370213,李沧区,3,3702
370214,城阳区,3,3702
370281,胶州市,3,3702
370282,即墨市,3,3702
370283,平度市,3,3702
370284,胶南市,3,3702
370285,莱西市,3,3702
370302,淄川区,3,3703
370303,张店区,3,3703
370304,博山区,3,3703
370305,临淄区,3,3703
370306,周村区,3,3703
370321,桓台县,3,3703
370322,高青县,3,3703
370323,沂源县,3,3703
370402,市中区,3,3704
370403,薛城区,3,3704
370404,峄城区,3,3704
370405,台儿庄区,3,3704
370406,山亭区,3,3704
370481,滕州市,3,3704
370502,东营区,3,3705
370503,河口区,3,3705
370521,垦利县,3,3705
370522,利津县,3,3705
370523,广饶县,3,3705
370602,芝罘区,3,3706
370611,福山区,3,3706
370612,牟平区,3,3706
370613,莱山区,3,3706
370634,长岛县,3,3706
370681,龙口市,3,3706
370682,莱阳市,3,3706
370683,莱州市,3,3706
370684,蓬莱市,3,3706
370685,招远市,3,3706
370686,栖霞市,3,3706
370687,海阳市,3,3706
370702,潍城区,3,3707
370703,寒亭区,3,3707
370704,坊子区,3,3707
370705,奎文区,3,3707
370724,临朐县,3,3707
370725,昌乐县,3,3707
370781,青州市,3,3707
370782,诸城市,3,3707
370783,寿光市,3,3707
370784,安丘市,3,3707
370785,高密市,3,3707
370786,昌邑市,3,3707
370802,市中区,3,3708
370811,任城区,3,3708
370826,微山县,3,3708
370827,鱼台县,3,3708
370828,金乡县,3,3708
370829,嘉祥县,3,3708
370830,汶上县,3,3708
370831,泗水县,3,3708
370832,梁山县,3,3708
370881,曲阜市,3,3708
370882,兖州市,3,3708
370883,邹城市,3,3708
370902,泰山区,3,3709
370911,岱岳区,3,3709
370921,宁阳县,3,3709
370923,东平县,3,3709
370982,新泰市,3,3709
370983,肥城市,3,3709
371002,环翠区,3,3710
371081,文登市,3,3710
371082,荣成市,3,3710
371083,乳山市,3,3710
371102,东港区,3,3711
371103,岚山区,3,3711
371121,五莲县,3,3711
371122,莒县,3,3711
371202,莱城区,3,3712
371203,钢城区,3,3712
371302,兰山区,3,3713
371311,罗庄区,3,3713
371312,河东区,3,3713
371321,沂南县,3,3713
371322,郯城县,3,3713
371323,沂水县,3,3713
371324,苍山县,3,3713
371325,费县,3,3713
371326,平邑县,3,3713
371327,莒南县,3,3713
371328,蒙阴县,3,3713
371329,临沭县,3,3713
371402,德城区,3,3714
371421,陵县,3,3714
371422,宁津县,3,3714
371423,庆云县,3,3714
371424,临邑县,3,3714
371425,齐河县,3,3714
371426,平原县,3,3714
371427,夏津县,3,3714
371428,武城县,3,3714
371481,乐陵市,3,3714
371482,禹城市,3,3714
371502,东昌府区,3,3715
371521,阳谷县,3,3715
371522,莘县,3,3715
371523,茌平县,3,3715
371524,东阿县,3,3715
371525,冠县,3,3715
371526,高唐县,3,3715
371581,临清市,3,3715
371602,滨城区,3,3716
371621,惠民县,3,3716
371622,阳信县,3,3716
371623,无棣县,3,3716
371624,沾化县,3,3716
371625,博兴县,3,3716
371626,邹平县,3,3716
371702,牡丹区,3,3717
371721,曹县,3,3717
371722,单县,3,3717
371723,成武县,3,3717
371724,巨野县,3,3717
371725,郓城县,3,3717
371726,鄄城县,3,3717
371727,定陶县,3,3717
371728,东明县,3,3717
410102,中原区,3,4101
410103,二七区,3,4101
410104,管城,3,4101
410105,金水区,3,4101
410106,上街区,3,4101
410108,惠济区,3,4101
410109,高新区,3,4101
410122,中牟县,3,4101
410181,巩义市,3,4101
410182,荥阳市,3,4101
410183,新密市,3,4101
410184,新郑市,3,4101
410185,登封市,3,4101
410202,龙亭区,3,4102
410203,顺河回族区,3,4102
410204,鼓楼区,3,4102
410205,禹王台区,3,4102
410211,金明区,3,4102
410221,杞县,3,4102
410222,通许县,3,4102
410223,尉氏县,3,4102
410224,开封县,3,4102
410225,兰考县,3,4102
410302,老城区,3,4103
410303,西工区,3,4103
410304,瀍河回族区,3,4103
410305,涧西区,3,4103
410306,吉利区,3,4103
410311,洛龙区,3,4103
410322,孟津县,3,4103
410323,新安县,3,4103
410324,栾川县,3,4103
410325,嵩县,3,4103
410326,汝阳县,3,4103
410327,宜阳县,3,4103
410328,洛宁县,3,4103
410329,伊川县,3,4103
410381,偃师市,3,4103
410402,新华区,3,4104
410403,卫东区,3,4104
410404,石龙区,3,4104
410411,湛河区,3,4104
410421,宝丰县,3,4104
410422,叶县,3,4104
410423,鲁山县,3,4104
410425,郏县,3,4104
410481,舞钢市,3,4104
410482,汝州市,3,4104
410502,文峰区,3,4105
410503,北关区,3,4105
410505,殷都区,3,4105
410506,龙安区,3,4105
410522,安阳县,3,4105
410523,汤阴县,3,4105
410526,滑县,3,4105
410527,内黄县,3,4105
410581,林州市,3,4105
410602,鹤山区,3,4106
410603,山城区,3,4106
410611,淇滨区,3,4106
410621,浚县,3,4106
410622,淇县,3,4106
410702,红旗区,3,4107
410703,卫滨区,3,4107
410704,凤泉区,3,4107
410711,牧野区,3,4107
410721,新乡县,3,4107
410724,获嘉县,3,4107
410725,原阳县,3,4107
410726,延津县,3,4107
410727,封丘县,3,4107
410728,长垣县,3,4107
410781,卫辉市,3,4107
410782,辉县市,3,4107
410802,解放区,3,4108
410803,中站区,3,4108
410804,马村区,3,4108
410811,山阳区,3,4108
410821,修武县,3,4108
410822,博爱县,3,4108
410823,武陟县,3,4108
410825,温县,3,4108
410882,沁阳市,3,4108
410883,孟州市,3,4108
410902,华龙区,3,4109
410922,清丰县,3,4109
410923,南乐县,3,4109
410926,范县,3,4109
410927,台前县,3,4109
410928,濮阳县,3,4109
411002,魏都区,3,4110
411023,许昌县,3,4110
411024,鄢陵县,3,4110
411025,襄城县,3,4110
411081,禹州市,3,4110
411082,长葛市,3,4110
411102,源汇区,3,4111
411103,郾城区,3,4111
411104,召陵区,3,4111
411121,舞阳县,3,4111
411122,临颍县,3,4111
411202,湖滨区,3,4112
411221,渑池县,3,4112
411222,陕县,3,4112
411224,卢氏县,3,4112
411281,义马市,3,4112
411282,灵宝市,3,4112
411302,宛城区,3,4113
411303,卧龙区,3,4113
411321,南召县,3,4113
411322,方城县,3,4113
411323,西峡县,3,4113
411324,镇平县,3,4113
411325,内乡县,3,4113
411326,淅川县,3,4113
411327,社旗县,3,4113
411328,唐河县,3,4113
411329,新野县,3,4113
411330,桐柏县,3,4113
411381,邓州市,3,4113
411402,梁园区,3,4114
411403,睢阳区,3,4114
411421,民权县,3,4114
411422,睢县,3,4114
411423,宁陵县,3,4114
411424,柘城县,3,4114
411425,虞城县,3,4114
411426,夏邑县,3,4114
411481,永城市,3,4114
411502,浉河区,3,4115
411503,平桥区,3,4115
411521,罗山县,3,4115
411522,光山县,3,4115
411523,新县,3,4115
411524,商城县,3,4115
411525,固始县,3,4115
411526,潢川县,3,4115
411527,淮滨县,3,4115
411528,息县,3,4115
411602,川汇区,3,4116
411621,扶沟县,3,4116
411622,西华县,3,4116
411623,商水县,3,4116
411624,沈丘县,3,4116
411625,郸城县,3,4116
411626,淮阳县,3,4116
411627,太康县,3,4116
411628,鹿邑县,3,4116
411681,项城市,3,4116
411702,驿城区,3,4117
411721,西平县,3,4117
411722,上蔡县,3,4117
411723,平舆县,3,4117
411724,正阳县,3,4117
411725,确山县,3,4117
411726,泌阳县,3,4117
411727,汝南县,3,4117
411728,遂平县,3,4117
411729,新蔡县,3,4117
420102,江岸区,3,4201
420103,江汉区,3,4201
420104,硚口区,3,4201
420105,汉阳区,3,4201
420106,武昌区,3,4201
420107,青山区,3,4201
420111,洪山区,3,4201
420112,东西湖区,3,4201
420113,汉南区,3,4201
420114,蔡甸区,3,4201
420115,江夏区,3,4201
420116,黄陂区,3,4201
420117,新洲区,3,4201
420118,东湖开发区,3,4201
420191,武汉经济开发区,3,4201
420202,黄石港区,3,4202
420203,西塞山区,3,4202
420204,下陆区,3,4202
420205,铁山区,3,4202
420222,阳新县,3,4202
420223,黄石经济开发区,3,4202
420281,大冶市,3,4202
420302,茅箭区,3,4203
420303,张湾区,3,4203
420321,郧县,3,4203
420322,郧西县,3,4203
420323,竹山县,3,4203
420324,竹溪县,3,4203
420325,房县,3,4203
420326,十堰经济开发区,3,4203
420327,武当山旅游经济特区,3,4203
420381,丹江口市,3,4203
420502,西陵区,3,4205
420503,伍家岗区,3,4205
420504,点军区,3,4205
420505,猇亭区,3,4205
420506,夷陵区,3,4205
420525,远安县,3,4205
420526,兴山县,3,4205
420527,秭归县,3,4205
420528,长阳县,3,4205
420529,五峰县,3,4205
420581,宜都市,3,4205
420582,当阳市,3,4205
420583,枝江市,3,4205
420602,襄城区,3,4206
420606,樊城区,3,4206
420607,襄阳区,3,4206
420624,南漳县,3,4206
420625,谷城县,3,4206
420626,保康县,3,4206
420682,老河口市,3,4206
420683,枣阳市,3,4206
420684,宜城市,3,4206
420685,隆中风景区,3,4206
420686,高新开发区,3,4206
420687,鱼梁洲开发区,3,4206
420702,梁子湖区,3,4207
420703,华容区,3,4207
420704,鄂城区,3,4207
420791,葛店开发区,3,4207
420792,鄂州经济开发区,3,4207
420802,东宝区,3,4208
420804,掇刀区,3,4208
420821,京山县,3,4208
420822,沙洋县,3,4208
420881,钟祥市,3,4208
420891,屈家岭,3,4208
420892,荆门经济开发区,3,4208
420902,孝南区,3,4209
420921,孝昌县,3,4209
420922,大悟县,3,4209
420923,云梦县,3,4209
420981,应城市,3,4209
420982,安陆市,3,4209
420984,汉川市,3,4209
421002,沙市区,3,4210
421003,荆州区,3,4210
421022,公安县,3,4210
421023,监利县,3,4210
421024,江陵县,3,4210
421081,石首市,3,4210
421083,洪湖市,3,4210
421087,松滋市,3,4210
421091,荆州经济开发区,3,4210
421102,黄州区,3,4211
421121,团风县,3,4211
421122,红安县,3,4211
421123,罗田县,3,4211
421124,英山县,3,4211
421125,浠水县,3,4211
421126,蕲春县,3,4211
421127,黄梅县,3,4211
421181,麻城市,3,4211
421182,武穴市,3,4211
421191,龙感湖管理区,3,4211
421202,咸安区,3,4212
421221,嘉鱼县,3,4212
421222,通城县,3,4212
421223,崇阳县,3,4212
421224,通山县,3,4212
421281,赤壁市,3,4212
421291,湖北省咸宁市咸宁经济开发区,3,4212
421302,曾都区,3,4213
421321,随县,3,4213
421381,广水市,3,4213
422801,恩施市,3,4228
422802,利川市,3,4228
422822,建始县,3,4228
422823,巴东县,3,4228
422825,宣恩县,3,4228
422826,咸丰县,3,4228
422827,来凤县,3,4228
422828,鹤峰县,3,4228
430102,芙蓉区,3,4301
430103,天心区,3,4301
430104,岳麓区,3,4301
430105,开福区,3,4301
430111,雨花区,3,4301
430121,长沙县,3,4301
430122,望城县,3,4301
430124,宁乡县,3,4301
430181,浏阳市,3,4301
430202,荷塘区,3,4302
430203,芦淞区,3,4302
430204,石峰区,3,4302
430211,天元区,3,4302
430221,株洲县,3,4302
430223,攸县,3,4302
430224,茶陵县,3,4302
430225,炎陵县,3,4302
430281,醴陵市,3,4302
430302,雨湖区,3,4303
430304,岳塘区,3,4303
430321,湘潭县,3,4303
430381,湘乡市,3,4303
430382,韶山市,3,4303
430405,珠晖区,3,4304
430406,雁峰区,3,4304
430407,石鼓区,3,4304
430408,蒸湘区,3,4304
430412,南岳区,3,4304
430421,衡阳县,3,4304
430422,衡南县,3,4304
430423,衡山县,3,4304
430424,衡东县,3,4304
430426,祁东县,3,4304
430481,耒阳市,3,4304
430482,常宁市,3,4304
430502,双清区,3,4305
430503,大祥区,3,4305
430511,北塔区,3,4305
430521,邵东县,3,4305
430522,新邵县,3,4305
430523,邵阳县,3,4305
430524,隆回县,3,4305
430525,洞口县,3,4305
430527,绥宁县,3,4305
430528,新宁县,3,4305
430529,城步,3,4305
430581,武冈市,3,4305
430602,岳阳楼区,3,4306
430603,云溪区,3,4306
430611,君山区,3,4306
430621,岳阳县,3,4306
430623,华容县,3,4306
430624,湘阴县,3,4306
430626,平江县,3,4306
430681,汨罗市,3,4306
430682,临湘市,3,4306
430702,武陵区,3,4307
430703,鼎城区,3,4307
430721,安乡县,3,4307
430722,汉寿县,3,4307
430723,澧县,3,4307
430724,临澧县,3,4307
430725,桃源县,3,4307
430726,石门县,3,4307
430781,津市市,3,4307
430802,永定区,3,4308
430811,武陵源区,3,4308
430821,慈利县,3,4308
430822,桑植县,3,4308
430902,资阳区,3,4309
430903,赫山区,3,4309
430921,南县,3,4309
430922,桃江县,3,4309
430923,安化县,3,4309
430981,沅江市,3,4309
431002,北湖区,3,4310
431003,苏仙区,3,4310
431021,桂阳县,3,4310
431022,宜章县,3,4310
431023,永兴县,3,4310
431024,嘉禾县,3,4310
431025,临武县,3,4310
431026,汝城县,3,4310
431027,桂东县,3,4310
431028,安仁县,3,4310
431081,资兴市,3,4310
431102,零陵区,3,4311
431103,冷水滩区,3,4311
431121,祁阳县,3,4311
431122,东安县,3,4311
431123,双牌县,3,4311
431124,道县,3,4311
431125,江永县,3,4311
431126,宁远县,3,4311
431127,蓝山县,3,4311
431128,新田县,3,4311
431129,江华,3,4311
431202,鹤城区,3,4312
431221,中方县,3,4312
431222,沅陵县,3,4312
431223,辰溪县,3,4312
431224,溆浦县,3,4312
431225,会同县,3,4312
431226,麻阳,3,4312
431227,新晃,3,4312
431228,芷江,3,4312
431229,靖州,3,4312
431230,通道,3,4312
431281,洪江市,3,4312
431302,娄星区,3,4313
431321,双峰县,3,4313
431322,新化县,3,4313
431381,冷水江市,3,4313
431382,涟源市,3,4313
433101,吉首市,3,4331
433122,泸溪县,3,4331
433123,凤凰县,3,4331
433124,花垣县,3,4331
433125,保靖县,3,4331
433126,古丈县,3,4331
433127,永顺县,3,4331
433130,龙山县,3,4331
440103,荔湾区,3,4401
440104,越秀区,3,4401
440105,海珠区,3,4401
440106,天河区,3,4401
440111,白云区,3,4401
440112,黄埔区,3,4401
440113,番禺区,3,4401
440114,花都区,3,4401
440115,南沙区,3,4401
440116,萝岗区,3,4401
440183,增城市,3,4401
440184,从化市,3,4401
440203,武江区,3,4402
440204,浈江区,3,4402
440205,曲江区,3,4402
440222,始兴县,3,4402
440224,仁化县,3,4402
440229,翁源县,3,4402
440232,乳源,3,4402
440233,新丰县,3,4402
440281,乐昌市,3,4402
440282,南雄市,3,4402
440303,罗湖区,3,4403
440304,福田区,3,4403
440305,南山区,3,4403
440306,宝安区,3,4403
440307,龙岗区,3,4403
440308,盐田区,3,4403
440402,香洲区,3,4404
440403,斗门区,3,4404
440404,金湾区,3,4404
440507,龙湖区,3,4405
440511,金平区,3,4405
440512,濠江区,3,4405
440513,潮阳区,3,4405
440514,潮南区,3,4405
440515,澄海区,3,4405
440523,南澳县,3,4405
440604,禅城区,3,4406
440605,南海区,3,4406
440606,顺德区,3,4406
440607,三水区,3,4406
440608,高明区,3,4406
440703,蓬江区,3,4407
440704,江海区,3,4407
440705,新会区,3,4407
440781,台山市,3,4407
440783,开平市,3,4407
440784,鹤山市,3,4407
440785,恩平市,3,4407
440802,赤坎区,3,4408
440803,霞山区,3,4408
440804,坡头区,3,4408
440811,麻章区,3,4408
440823,遂溪县,3,4408
440825,徐闻县,3,4408
440881,廉江市,3,4408
440882,雷州市,3,4408
440883,吴川市,3,4408
440902,茂南区,3,4409
440903,茂港区,3,4409
440923,电白县,3,4409
440981,高州市,3,4409
440982,化州市,3,4409
440983,信宜市,3,4409
441202,端州区,3,4412
441203,鼎湖区,3,4412
441223,广宁县,3,4412
441224,怀集县,3,4412
441225,封开县,3,4412
441226,德庆县,3,4412
441283,高要市,3,4412
441284,四会市,3,4412
441302,惠城区,3,4413
441303,惠阳区,3,4413
441322,博罗县,3,4413
441323,惠东县,3,4413
441324,龙门县,3,4413
441402,梅江区,3,4414
441421,梅县,3,4414
441422,大埔县,3,4414
441423,丰顺县,3,4414
441424,五华县,3,4414
441426,平远县,3,4414
441427,蕉岭县,3,4414
441481,兴宁市,3,4414
441502,城区,3,4415
441521,海丰县,3,4415
441523,陆河县,3,4415
441581,陆丰市,3,4415
441602,源城区,3,4416
441621,紫金县,3,4416
441622,龙川县,3,4416
441623,连平县,3,4416
441624,和平县,3,4416
441625,东源县,3,4416
441702,江城区,3,4417
441721,阳西县,3,4417
441723,阳东县,3,4417
441781,阳春市,3,4417
441802,清城区,3,4418
441821,佛冈县,3,4418
441823,阳山县,3,4418
441825,连山,3,4418
441826,连南,3,4418
441827,清新县,3,4418
441881,英德市,3,4418
441882,连州市,3,4418
445101,枫溪区,3,4451
445102,湘桥区,3,4451
445121,潮安县,3,4451
445122,饶平县,3,4451
445202,榕城区,3,4452
445221,揭东县,3,4452
445222,揭西县,3,4452
445224,惠来县,3,4452
445281,普宁市,3,4452
445302,云城区,3,4453
445321,新兴县,3,4453
445322,郁南县,3,4453
445323,云安县,3,4453
445381,罗定市,3,4453
450102,兴宁区,3,4501
450103,青秀区,3,4501
450105,江南区,3,4501
450107,西乡塘区,3,4501
450108,良庆区,3,4501
450109,邕宁区,3,4501
450122,武鸣县,3,4501
450123,隆安县,3,4501
450124,马山县,3,4501
450125,上林县,3,4501
450126,宾阳县,3,4501
450127,横县,3,4501
450202,城中区,3,4502
450203,鱼峰区,3,4502
450204,柳南区,3,4502
450205,柳北区,3,4502
450221,柳江县,3,4502
450222,柳城县,3,4502
450223,鹿寨县,3,4502
450224,融安县,3,4502
450225,融水,3,4502
450226,三江,3,4502
450302,秀峰区,3,4503
450303,叠彩区,3,4503
450304,象山区,3,4503
450305,七星区,3,4503
450311,雁山区,3,4503
450321,阳朔县,3,4503
450322,临桂县,3,4503
450323,灵川县,3,4503
450324,全州县,3,4503
450325,兴安县,3,4503
450326,永福县,3,4503
450327,灌阳县,3,4503
450328,龙胜,3,4503
450329,资源县,3,4503
450330,平乐县,3,4503
450331,荔蒲县,3,4503
450332,恭城,3,4503
450403,万秀区,3,4504
450404,蝶山区,3,4504
450405,长洲区,3,4504
450421,苍梧县,3,4504
450422,藤县,3,4504
450423,蒙山县,3,4504
450481,岑溪市,3,4504
450502,海城区,3,4505
450503,银海区,3,4505
450512,铁山港区,3,4505
450521,合浦县,3,4505
450602,港口区,3,4506
450603,防城区,3,4506
450621,上思县,3,4506
450681,东兴市,3,4506
450702,钦南区,3,4507
450703,钦北区,3,4507
450721,灵山县,3,4507
450722,浦北县,3,4507
450802,港北区,3,4508
450803,港南区,3,4508
450804,覃塘区,3,4508
450821,平南县,3,4508
450881,桂平市,3,4508
450902,玉州区,3,4509
450921,容县,3,4509
450922,陆川县,3,4509
450923,博白县,3,4509
450924,兴业县,3,4509
450981,北流市,3,4509
451002,右江区,3,4510
451021,田阳县,3,4510
451022,田东县,3,4510
451023,平果县,3,4510
451024,德保县,3,4510
451025,靖西县,3,4510
451026,那坡县,3,4510
451027,凌云县,3,4510
451028,乐业县,3,4510
451029,田林县,3,4510
451030,西林县,3,4510
451031,隆林,3,4510
451102,八步区,3,4511
451121,昭平县,3,4511
451122,钟山县,3,4511
451123,富川,3,4511
451202,金城江区,3,4512
451221,南丹县,3,4512
451222,天峨县,3,4512
451223,凤山县,3,4512
451224,东兰县,3,4512
451225,罗城,3,4512
451226,环江,3,4512
451227,巴马,3,4512
451228,都安,3,4512
451229,大化,3,4512
451281,宜州市,3,4512
451302,兴宾区,3,4513
451321,忻城县,3,4513
451322,象州县,3,4513
451323,武宣县,3,4513
451324,金秀,3,4513
451381,合山市,3,4513
451402,江洲区,3,4514
451421,扶绥县,3,4514
451422,宁明县,3,4514
451423,龙州县,3,4514
451424,大新县,3,4514
451425,天等县,3,4514
451481,凭祥市,3,4514
460105,秀英区,3,4601
460106,龙华区,3,4601
460107,琼山区,3,4601
460108,美兰区,3,4601
510104,锦江区,3,5101
510105,青羊区,3,5101
510106,金牛区,3,5101
510107,武侯区,3,5101
510108,成华区,3,5101
510112,龙泉驿区,3,5101
510113,青白江区,3,5101
510114,新都区,3,5101
510115,温江区,3,5101
510121,金堂县,3,5101
510122,双流县,3,5101
510124,郫县,3,5101
510129,大邑县,3,5101
510131,蒲江县,3,5101
510132,新津县,3,5101
510181,都江堰市,3,5101
510182,彭州市,3,5101
510183,邛崃市,3,5101
510184,崇州市,3,5101
510185,高新区,3,5101
510302,自流井区,3,5103
510303,贡井区,3,5103
510304,大安区,3,5103
510311,沿滩区,3,5103
510321,荣县,3,5103
510322,富顺县,3,5103
510402,东区,3,5104
510403,西区,3,5104
510411,仁和区,3,5104
510421,米易县,3,5104
510422,盐边县,3,5104
510502,江阳区,3,5105
510503,纳溪区,3,5105
510504,龙马潭区,3,5105
510521,泸县,3,5105
510522,合江县,3,5105
510524,叙永县,3,5105
510525,古蔺县,3,5105
510603,旌阳区,3,5106
510623,中江县,3,5106
510626,罗江县,3,5106
510681,广汉市,3,5106
510682,什邡市,3,5106
510683,绵竹市,3,5106
510703,涪城区,3,5107
510704,游仙区,3,5107
510722,三台县,3,5107
510723,盐亭县,3,5107
510724,安县,3,5107
510725,梓潼县,3,5107
510726,北川羌族自治县,3,5107
510727,平武县,3,5107
510781,江油市,3,5107
510802,市中区,3,5108
510811,元坝区,3,5108
510812,朝天区,3,5108
510821,旺苍县,3,5108
510822,青川县,3,5108
510823,剑阁县,3,5108
510824,苍溪县,3,5108
510903,船山区,3,5109
510904,安居区,3,5109
510921,蓬溪县,3,5109
510922,射洪县,3,5109
510923,大英县,3,5109
511002,市中区,3,5110
511011,东兴区,3,5110
511024,威远县,3,5110
511025,资中县,3,5110
511028,隆昌县,3,5110
511102,市中区,3,5111
511111,沙湾区,3,5111
511112,五通桥区,3,5111
511113,金口河区,3,5111
511123,犍为县,3,5111
511124,井研县,3,5111
511126,夹江县,3,5111
511129,沐川县,3,5111
511132,峨边彝族自治县,3,5111
511133,马边彝族自治县,3,5111
511181,峨眉山市,3,5111
511302,顺庆区,3,5113
511303,高坪区,3,5113
511304,嘉陵区,3,5113
511321,南部县,3,5113
511322,营山县,3,5113
511323,蓬安县,3,5113
511324,仪陇县,3,5113
511325,西充县,3,5113
511381,阆中市,3,5113
511402,东坡区,3,5114
511421,仁寿县,3,5114
511422,彭山县,3,5114
511423,洪雅县,3,5114
511424,丹棱县,3,5114
511425,青神县,3,5114
511502,翠屏区,3,5115
511521,宜宾县,3,5115
511522,南溪县,3,5115
511523,江安县,3,5115
511524,长宁县,3,5115
511525,高县,3,5115
511526,珙县,3,5115
511527,筠连县,3,5115
511528,兴文县,3,5115
511529,屏山县,3,5115
511602,广安区,3,5116
511621,岳池县,3,5116
511622,武胜县,3,5116
511623,邻水县,3,5116
511681,华蓥市,3,5116
511702,通川区,3,5117
511721,达县,3,5117
511722,宣汉县,3,5117
511723,开江县,3,5117
511724,大竹县,3,5117
511725,渠县,3,5117
511781,万源市,3,5117
511802,雨城区,3,5118
511821,名山县,3,5118
511822,荥经县,3,5118
511823,汉源县,3,5118
511824,石棉县,3,5118
511825,天全县,3,5118
511826,芦山县,3,5118
511827,宝兴县,3,5118
511902,巴州区,3,5119
511921,通江县,3,5119
511922,南江县,3,5119
511923,平昌县,3,5119
512002,雁江区,3,5120
512021,安岳县,3,5120
512022,乐至县,3,5120
512081,简阳市,3,5120
513221,汶川县,3,5132
513222,理县,3,5132
513223,茂县,3,5132
513224,松潘县,3,5132
513225,九寨沟县,3,5132
513226,金川县,3,5132
513227,小金县,3,5132
513228,黑水县,3,5132
513229,马尔康县,3,5132
513230,壤塘县,3,5132
513231,阿坝县,3,5132
513232,若尔盖县,3,5132
513233,红原县,3,5132
513321,康定县,3,5133
513322,泸定县,3,5133
513323,丹巴县,3,5133
513324,九龙县,3,5133
513325,雅江县,3,5133
513326,道孚县,3,5133
513327,炉霍县,3,5133
513328,甘孜县,3,5133
513329,新龙县,3,5133
513330,德格县,3,5133
513331,白玉县,3,5133
513332,石渠县,3,5133
513333,色达县,3,5133
513334,理塘县,3,5133
513335,巴塘县,3,5133
513336,乡城县,3,5133
513337,稻城县,3,5133
513338,得荣县,3,5133
513401,西昌市,3,5134
513422,木里,3,5134
513423,盐源县,3,5134
513424,德昌县,3,5134
513425,会理县,3,5134
513426,会东县,3,5134
513427,宁南县,3,5134
513428,普格县,3,5134
513429,布拖县,3,5134
513430,金阳县,3,5134
513431,昭觉县,3,5134
513432,喜德县,3,5134
513433,冕宁县,3,5134
513434,越西县,3,5134
513435,甘洛县,3,5134
513436,美姑县,3,5134
513437,雷波县,3,5134
520102,南明区,3,5201
520103,云岩区,3,5201
520111,花溪区,3,5201
520112,乌当区,3,5201
520113,白云区,3,5201
520114,小河区,3,5201
520115,金阳新区,3,5201
520121,开阳县,3,5201
520122,息烽县,3,5201
520123,修文县,3,5201
520181,清镇市,3,5201
520201,钟山区,3,5202
520203,六枝特区,3,5202
520221,水城县,3,5202
520222,盘县,3,5202
520302,红花岗区,3,5203
520303,汇川区,3,5203
520304,新浦新区,3,5203
520321,遵义县,3,5203
520322,桐梓县,3,5203
520323,绥阳县,3,5203
520324,正安县,3,5203
520325,道真县,3,5203
520326,务川县,3,5203
520327,凤冈县,3,5203
520328,湄潭县,3,5203
520329,余庆县,3,5203
520330,习水县,3,5203
520381,赤水市,3,5203
520382,仁怀市,3,5203
520402,西秀区,3,5204
520403,黄果树开发区,3,5204
520421,平坝县,3,5204
520422,普定县,3,5204
520423,镇宁县,3,5204
520424,关岭县,3,5204
520425,紫云县,3,5204
520501,七星关区,3,5205
520522,大方县,3,5205
520523,黔西县,3,5205
520524,金沙县,3,5205
520525,织金县,3,5205
520526,纳雍县,3,5205
520527,威宁,3,5205
520528,赫章县,3,5205
520601,碧江区,3,5206
520622,江口县,3,5206
520623,玉屏县,3,5206
520624,石阡县,3,5206
520625,思南县,3,5206
520626,印江县,3,5206
520627,德江县,3,5206
520628,沿河县,3,5206
520629,松桃,3,5206
520630,万山特区,3,5206
522301,兴义市,3,5223
522322,兴仁县,3,5223
522323,普安县,3,5223
522324,晴隆县,3,5223
522325,贞丰县,3,5223
522326,望谟县,3,5223
522327,册亨县,3,5223
522328,安龙县,3,5223
522601,凯里市,3,5226
522602,凯里经济开发区,3,5226
522622,黄平县,3,5226
522623,施秉县,3,5226
522624,三穗县,3,5226
522625,镇远县,3,5226
522626,岑巩县,3,5226
522627,天柱县,3,5226
522628,锦屏县,3,5226
522629,剑河县,3,5226
522630,台江县,3,5226
522631,黎平县,3,5226
522632,榕江县,3,5226
522633,从江县,3,5226
522634,雷山县,3,5226
522635,麻江县,3,5226
522636,丹寨县,3,5226
522701,都匀市,3,5227
522702,福泉市,3,5227
522722,荔波县,3,5227
522723,贵定县,3,5227
522725,瓮安县,3,5227
522726,独山县,3,5227
522727,平塘县,3,5227
522728,罗甸县,3,5227
522729,长顺县,3,5227
522730,龙里县,3,5227
522731,惠水县,3,5227
522732,三都,3,5227
530102,五华区,3,5301
530103,盘龙区,3,5301
530111,官渡区,3,5301
530112,西山区,3,5301
530113,东川区,3,5301
530121,呈贡县,3,5301
530122,晋宁县,3,5301
530124,富民县,3,5301
530125,宜良县,3,5301
530126,石林,3,5301
530127,嵩明县,3,5301
530128,禄劝,3,5301
530129,寻甸,3,5301
530181,安宁市,3,5301
530302,麒麟区,3,5303
530321,马龙县,3,5303
530322,陆良县,3,5303
530323,师宗县,3,5303
530324,罗平县,3,5303
530325,富源县,3,5303
530326,会泽县,3,5303
530328,沾益县,3,5303
530381,宣威市,3,5303
530402,红塔区,3,5304
530421,江川县,3,5304
530422,澄江县,3,5304
530423,通海县,3,5304
530424,华宁县,3,5304
530425,易门县,3,5304
530426,峨山,3,5304
530427,新平,3,5304
530428,元江县,3,5304
530502,隆阳区,3,5305
530521,施甸县,3,5305
530522,腾冲县,3,5305
530523,龙陵县,3,5305
530524,昌宁县,3,5305
530602,昭阳区,3,5306
530621,鲁甸县,3,5306
530622,巧家县,3,5306
530623,盐津县,3,5306
530624,大关县,3,5306
530625,永善县,3,5306
530626,绥江县,3,5306
530627,镇雄县,3,5306
530628,彝良县,3,5306
530629,威信县,3,5306
530630,水富县,3,5306
530702,古城区,3,5307
530721,玉龙县,3,5307
530722,永胜县,3,5307
530723,华坪县,3,5307
530724,宁蒗,3,5307
530802,思茅区(*),3,5308
530821,宁洱,3,5308
530822,墨江,3,5308
530823,景东,3,5308
530824,景谷,3,5308
530825,镇沅,3,5308
530826,江城县,3,5308
530827,孟连县,3,5308
530828,澜沧县,3,5308
530829,西盟,3,5308
530902,临翔区,3,5309
530921,凤庆县,3,5309
530922,云县,3,5309
530923,永德县,3,5309
530924,镇康县,3,5309
530925,双江县,3,5309
530926,耿马,3,5309
530927,沧源,3,5309
532301,楚雄市,3,5323
532322,双柏县,3,5323
532323,牟定县,3,5323
532324,南华县,3,5323
532325,姚安县,3,5323
532326,大姚县,3,5323
532327,永仁县,3,5323
532328,元谋县,3,5323
532329,武定县,3,5323
532331,禄丰县,3,5323
532501,个旧市,3,5325
532502,开远市,3,5325
532522,蒙自县,3,5325
532523,屏边,3,5325
532524,建水县,3,5325
532525,石屏县,3,5325
532526,弥勒县,3,5325
532527,泸西县,3,5325
532528,元阳县,3,5325
532529,红河县,3,5325
532530,金平,3,5325
532531,绿春县,3,5325
532532,河口,3,5325
532621,文山县,3,5326
532622,砚山县,3,5326
532623,西畴县,3,5326
532624,麻栗坡县,3,5326
532625,马关县,3,5326
532626,丘北县,3,5326
532627,广南县,3,5326
532628,富宁县",3,5326
532801,景洪市,3,5328
532822,勐海县,3,5328
532823,勐腊县,3,5328
532901,大理市,3,5329
532922,漾濞,3,5329
532923,祥云县,3,5329
532924,宾川县,3,5329
532925,弥渡县,3,5329
532926,南涧,3,5329
532927,巍山,3,5329
532928,永平县,3,5329
532929,云龙县,3,5329
532930,洱源县,3,5329
532931,剑川县,3,5329
532932,鹤庆县,3,5329
533102,瑞丽市,3,5331
533103,潞西市,3,5331
533122,梁河县,3,5331
533123,盈江县,3,5331
533124,陇川县,3,5331
533321,泸水县,3,5333
533323,福贡县,3,5333
533324,贡山,3,5333
533325,兰坪,3,5333
533421,香格里拉县,3,5334
533422,德钦县,3,5334
533423,维西,3,5334
540102,城关区,3,5401
540121,林周县,3,5401
540122,当雄县,3,5401
540123,尼木县,3,5401
540124,曲水县,3,5401
540125,堆龙德庆县,3,5401
540126,达孜县,3,5401
540127,墨竹工卡县,3,5401
542121,昌都县,3,5421
542122,江达县,3,5421
542123,贡觉县,3,5421
542124,类乌齐县,3,5421
542125,丁青县,3,5421
542126,察雅县,3,5421
542127,八宿县,3,5421
542128,左贡县,3,5421
542129,芒康县,3,5421
542132,洛隆县,3,5421
542133,边坝县,3,5421
542221,乃东县,3,5422
542222,扎囊县,3,5422
542223,贡嘎县,3,5422
542224,桑日县,3,5422
542225,琼结县,3,5422
542226,曲松县,3,5422
542227,措美县,3,5422
542228,洛扎县,3,5422
542229,加查县,3,5422
542231,隆子县,3,5422
542232,错那县,3,5422
542233,浪卡子县,3,5422
542301,日喀则市,3,5423
542322,南木林县,3,5423
542323,江孜县,3,5423
542324,定日县,3,5423
542325,萨迦县,3,5423
542326,拉孜县,3,5423
542327,昂仁县,3,5423
542328,谢通门县,3,5423
542329,白朗县,3,5423
542330,仁布县,3,5423
542331,康马县,3,5423
542332,定结县,3,5423
542333,仲巴县,3,5423
542334,亚东县,3,5423
542335,吉隆县,3,5423
542336,聂拉木县,3,5423
542337,萨嘎县,3,5423
542338,岗巴县,3,5423
542421,那曲县,3,5424
542422,嘉黎县,3,5424
542423,比如县,3,5424
542424,聂荣县,3,5424
542425,安多县,3,5424
542426,申扎县,3,5424
542427,索县,3,5424
542428,班戈县,3,5424
542429,巴青县,3,5424
542430,尼玛县,3,5424
542521,普兰县,3,5425
542522,札达县,3,5425
542523,噶尔县,3,5425
542524,日土县,3,5425
542525,革吉县,3,5425
542526,改则县,3,5425
542527,措勤县,3,5425
542621,林芝县,3,5426
542622,工布江达县,3,5426
542623,米林县,3,5426
542624,墨脱县,3,5426
542625,波密县,3,5426
542626,察隅县,3,5426
542627,朗县,3,5426
610102,新城区,3,6101
610103,碑林区,3,6101
610104,莲湖区,3,6101
610111,灞桥区,3,6101
610112,未央区,3,6101
610113,雁塔区,3,6101
610114,阎良区,3,6101
610115,临潼区,3,6101
610116,长安区,3,6101
610117,沣渭新区,3,6101
610122,蓝田县,3,6101
610124,周至县,3,6101
610125,户县,3,6101
610126,高陵县,3,6101
610202,王益区,3,6102
610203,印台区,3,6102
610204,耀州区,3,6102
610205,新区,3,6102
610222,宜君县,3,6102
610302,渭滨区,3,6103
610303,金台区,3,6103
610304,陈仓区,3,6103
610322,凤翔县,3,6103
610323,岐山县,3,6103
610324,扶风县,3,6103
610326,眉县,3,6103
610327,陇县,3,6103
610328,千阳县,3,6103
610329,麟游县,3,6103
610330,凤县,3,6103
610331,太白县,3,6103
610402,秦都区,3,6104
610403,杨凌区,3,6104
610404,渭城区,3,6104
610422,三原县,3,6104
610423,泾阳县,3,6104
610424,乾县,3,6104
610425,礼泉县,3,6104
610426,永寿县,3,6104
610427,彬县,3,6104
610428,长武县,3,6104
610429,旬邑县,3,6104
610430,淳化县,3,6104
610431,武功县,3,6104
610481,兴平市,3,6104
610502,临渭区,3,6105
610521,华县,3,6105
610522,潼关县,3,6105
610523,大荔县,3,6105
610524,合阳县,3,6105
610525,澄城县,3,6105
610526,蒲城县,3,6105
610527,白水县,3,6105
610528,富平县,3,6105
610551,高新区,3,6105
610581,韩城市,3,6105
610582,华阴市,3,6105
610602,宝塔区,3,6106
610621,延长县,3,6106
610622,延川县,3,6106
610623,子长县,3,6106
610624,安塞县,3,6106
610625,志丹县,3,6106
610626,吴起县,3,6106
610627,甘泉县,3,6106
610628,富县,3,6106
610629,洛川县,3,6106
610630,宜川县,3,6106
610631,黄龙县,3,6106
610632,黄陵县,3,6106
610702,汉台区,3,6107
610721,南郑县,3,6107
610722,城固县,3,6107
610723,洋县,3,6107
610724,西乡县,3,6107
610725,勉县,3,6107
610726,宁强县,3,6107
610727,略阳县,3,6107
610728,镇巴县,3,6107
610729,留坝县,3,6107
610730,佛坪县,3,6107
610751,经济开发区,3,6107
610802,榆阳区,3,6108
610821,神木县,3,6108
610822,府谷县,3,6108
610823,横山县,3,6108
610824,靖边县,3,6108
610825,定边县,3,6108
610826,绥德县,3,6108
610827,米脂县,3,6108
610828,佳县,3,6108
610829,吴堡县,3,6108
610830,清涧县,3,6108
610831,子洲县,3,6108
610902,汉滨区,3,6109
610921,汉阴县,3,6109
610922,石泉县,3,6109
610923,宁陕县,3,6109
610924,紫阳县,3,6109
610925,岚皋县,3,6109
610926,平利县,3,6109
610927,镇坪县,3,6109
610928,旬阳县,3,6109
610929,白河县,3,6109
611002,商州区,3,6110
611021,洛南县,3,6110
611022,丹凤县,3,6110
611023,商南县,3,6110
611024,山阳县,3,6110
611025,镇安县,3,6110
611026,柞水县,3,6110
615101,杨凌区,3,6151
620102,城关区,3,6201
620103,七里河区,3,6201
620104,西固区,3,6201
620105,安宁区,3,6201
620111,红古区,3,6201
620121,永登县,3,6201
620122,皋兰县,3,6201
620123,榆中县,3,6201
620302,金川区,3,6203
620321,永昌县,3,6203
620402,白银区,3,6204
620403,平川区,3,6204
620421,靖远县,3,6204
620422,会宁县,3,6204
620423,景泰县,3,6204
620502,秦州区,3,6205
620503,麦积区,3,6205
620521,清水县,3,6205
620522,秦安县,3,6205
620523,甘谷县,3,6205
620524,武山县,3,6205
620525,张家川,3,6205
620602,凉州区,3,6206
620621,民勤县,3,6206
620622,古浪县,3,6206
620623,天祝,3,6206
620702,甘州区,3,6207
620721,肃南县,3,6207
620722,民乐县,3,6207
620723,临泽县,3,6207
620724,高台县,3,6207
620725,山丹县,3,6207
620802,崆峒区,3,6208
620821,泾川县,3,6208
620822,灵台县,3,6208
620823,崇信县,3,6208
620824,华亭县,3,6208
620825,庄浪县,3,6208
620826,静宁县,3,6208
620902,肃州区,3,6209
620921,金塔县,3,6209
620922,瓜州县,3,6209
620923,肃北,3,6209
620924,阿克塞,3,6209
620981,玉门市,3,6209
620982,敦煌市,3,6209
621002,西峰区,3,6210
621021,庆城县,3,6210
621022,环县,3,6210
621023,华池县,3,6210
621024,合水县,3,6210
621025,正宁县,3,6210
621026,宁县,3,6210
621027,镇原县,3,6210
621102,安定区,3,6211
621121,通渭县,3,6211
621122,陇西县,3,6211
621123,渭源县,3,6211
621124,临洮县,3,6211
621125,漳县,3,6211
621126,岷县,3,6211
621202,武都区,3,6212
621221,成县,3,6212
621222,文县,3,6212
621223,宕昌县,3,6212
621224,康县,3,6212
621225,西和县,3,6212
621226,礼县,3,6212
621227,徽县,3,6212
621228,两当县,3,6212
622901,临夏市,3,6229
622921,临夏县,3,6229
622922,康乐县,3,6229
622923,永靖县,3,6229
622924,广河县,3,6229
622925,和政县,3,6229
622926,东乡,3,6229
622927,积石山,3,6229
623001,合作市,3,6230
623021,临潭县,3,6230
623022,卓尼县,3,6230
623023,舟曲县,3,6230
623024,迭部县,3,6230
623025,玛曲县,3,6230
623026,碌曲县,3,6230
623027,夏河县,3,6230
630102,城东区,3,6301
630103,城中区,3,6301
630104,城西区,3,6301
630105,城北区,3,6301
630121,大通,3,6301
630122,湟中县,3,6301
630123,湟源县,3,6301
632121,平安县,3,6321
632122,民和,3,6321
632123,乐都县,3,6321
632126,互助,3,6321
632127,化隆,3,6321
632128,循化,3,6321
632221,门源,3,6322
632222,祁连县,3,6322
632223,海晏县,3,6322
632224,刚察县,3,6322
632321,同仁县,3,6323
632322,尖扎县,3,6323
632323,泽库县,3,6323
632324,河南,3,6323
632521,共和县,3,6325
632522,同德县,3,6325
632523,贵德县,3,6325
632524,兴海县,3,6325
632525,贵南县,3,6325
632621,玛沁县,3,6326
632622,班玛县,3,6326
632623,甘德县,3,6326
632624,达日县,3,6326
632625,久治县,3,6326
632626,玛多县,3,6326
632721,玉树县,3,6327
632722,杂多县,3,6327
632723,称多县,3,6327
632724,治多县,3,6327
632725,囊谦县,3,6327
632726,曲麻莱县,3,6327
632801,格尔木市,3,6328
632802,德令哈市,3,6328
632821,乌兰县,3,6328
632822,都兰县,3,6328
632823,天峻县,3,6328
640104,兴庆区,3,6401
640105,西夏区,3,6401
640106,金凤区,3,6401
640121,永宁县,3,6401
640122,贺兰县,3,6401
640181,灵武市,3,6401
640202,大武口区,3,6402
640205,惠农区,3,6402
640221,平罗县,3,6402
640302,利通区,3,6403
640303,红寺堡区,3,6403
640323,盐池县,3,6403
640324,同心县,3,6403
640381,青铜峡市,3,6403
640402,原州区,3,6404
640422,西吉县,3,6404
640423,隆德县,3,6404
640424,泾源县,3,6404
640425,彭阳县,3,6404
640502,沙坡头区,3,6405
640521,中宁县,3,6405
640522,海原县,3,6405
650102,天山区,3,6501
650103,沙依巴克区,3,6501
650104,新市区,3,6501
650105,水磨沟区,3,6501
650106,头屯河区,3,6501
650107,达坂城区,3,6501
650109,米东区(*),3,6501
650121,乌鲁木齐县,3,6501
650202,独山子区,3,6502
650203,克拉玛依区,3,6502
650204,白碱滩区,3,6502
650205,乌尔禾区,3,6502
652101,吐鲁番市,3,6521
652122,鄯善县,3,6521
652123,托克逊县,3,6521
652201,哈密市,3,6522
652222,巴里坤,3,6522
652223,伊吾县,3,6522
652301,昌吉市,3,6523
652302,阜康市,3,6523
652323,呼图壁县,3,6523
652324,玛纳斯县,3,6523
652325,奇台县,3,6523
652327,吉木萨尔县,3,6523
652328,木垒哈萨克,3,6523
652701,博乐市,3,6527
652722,精河县,3,6527
652723,温泉县,3,6527
652801,库尔勒市,3,6528
652822,轮台县,3,6528
652823,尉犁县,3,6528
652824,若羌县,3,6528
652825,且末县,3,6528
652826,焉耆,3,6528
652827,和静县,3,6528
652828,和硕县,3,6528
652829,博湖县,3,6528
652901,阿克苏市,3,6529
652922,温宿县,3,6529
652923,库车县,3,6529
652924,沙雅县,3,6529
652925,新和县,3,6529
652926,拜城县,3,6529
652927,乌什县,3,6529
652928,阿瓦提县,3,6529
652929,柯坪县,3,6529
653001,阿图什市,3,6530
653022,阿克陶县,3,6530
653023,阿合奇县,3,6530
653024,乌恰县,3,6530
653101,喀什市,3,6531
653121,疏附县,3,6531
653122,疏勒县,3,6531
653123,英吉沙县,3,6531
653124,泽普县,3,6531
653125,莎车县,3,6531
653126,叶城县,3,6531
653127,麦盖提县,3,6531
653128,岳普湖县,3,6531
653129,伽师县,3,6531
653130,巴楚县,3,6531
653131,塔什,3,6531
653201,和田市,3,6532
653221,和田县,3,6532
653222,墨玉县,3,6532
653223,皮山县,3,6532
653224,洛浦县,3,6532
653225,策勒县,3,6532
653226,于田县,3,6532
653227,民丰县,3,6532
654002,伊宁市,3,6540
654003,奎屯市,3,6540
654021,伊宁县,3,6540
654022,察布查尔锡伯,3,6540
654023,霍城县,3,6540
654024,巩留县,3,6540
654025,新源县,3,6540
654026,昭苏县,3,6540
654027,特克斯县,3,6540
654028,尼勒克县,3,6540
654201,塔城市,3,6542
654202,乌苏市,3,6542
654221,额敏县,3,6542
654223,沙湾县,3,6542
654224,托里县,3,6542
654225,裕民县,3,6542
654226,和布克赛尔,3,6542
654301,阿勒泰市,3,6543
654321,布尔津县,3,6543
654322,富蕴县,3,6543
654323,福海县,3,6543
654324,哈巴河县,3,6543
654325,青河县,3,6543
654326,吉木乃县,3,6543
659001,石河子市,3,6590
659002,阿拉尔市,3,6590
659003,图木舒克市,3,6590
659004,五家渠市,3,6590